"view_count"	"like_count"	"dislike_count"	"duration"	"id"	
309881	31568	74	1374.0	"9RtMlrBzkyA"	
205643	19244	77	1631.0	"LEyjCC2wyq0"	
367997	27726	89	1836.0	"1zGO_EJCpnM"	
228574	17139	74	1642.0	"vAm0qptkGAU"	
434806	36804	116	1709.0	"kY-mr8KOXkA"	
361278	27175	134	1405.0	"dKdbB7mR9HQ"	
218751	17374	70	1764.0	"AYP8sqOO5pM"	
341162	24505	105	3036.0	"ab6hMmYSm7M"	
300623	24482	112	2332.0	"NmITc9YrEU4"	
467364	39373	127	1816.0	"U6Yu-Ane9IE"	
235780	18087	73	1572.0	"Ta1qHReYXYs"	
201391	24786	166	1834.0	"IVHIuF04TzQ"	
504638	33859	132	1998.0	"XMqZhsbLrh4"	
379091	25459	111	1427.0	"H-GRvcGrQkQ"	
260938	17144	97	1729.0	"WFu1MfaJLdY"	
524838	38741	157	1597.0	"szWtR0fbQOY"	
620887	40768	148	2424.0	"pOasyFTGMwk"	
364393	25494	79	1392.0	"7jfyDhXUBhc"	
235466	17070	85	1319.0	"000dXaaPH4Y"	
742696	43655	275	2627.0	"qjJ1AcHmg8w"	
400884	25538	97	1597.0	"EchloyhoNrk"	
246216	17508	89	1420.0	"su6ayiDwjkI"	
931328	57349	251	3179.0	"FRmq1bCRRo8"	
401410	27307	138	1479.0	"lUxvGgA8cNE"	
522572	44448	164	1553.0	"MAMRFfTFij4"	
227759	17915	58	1292.0	"ihq8S9YNegE"	
568290	39062	242	1817.0	"XE9tKmpiJcs"	
417367	29035	205	1759.0	"W9LTfYMUEQs"	
216436	15079	70	1568.0	"PNFTHEIgd-k"	
492057	33042	133	1532.0	"PuXX2zkEs48"	
1157784	54041	362	6817.0	"MVGB2jy5hJ8"	
232296	16498	70	1573.0	"bMMw1y2SK-k"	
536854	35243	134	2256.0	"pZsEfzRcOw0"	
433093	28120	125	1666.0	"mgkfMZlkgO4"	
499266	33732	108	1592.0	"cnjI-3TDhLc"	
369652	24995	89	1569.0	"HgZN0UBfQdU"	
217964	15440	62	1336.0	"w6I_tKqv9FA"	
438905	33832	99	1282.0	"q0JFK13N5dc"	
348579	25852	82	1510.0	"obGSGAC9IPQ"	
251603	16658	64	1437.0	"GfuoMOgOTQY"	
480444	39953	142	1398.0	"Q4vCeTLiVMU"	
436591	23856	109	1714.0	"NOvvuLkTGKM"	
608856	35910	162	2166.0	"1uVqoNr-hGc"	
425912	25767	112	1514.0	"eQSp8V-UQ-8"	
254562	15904	74	1205.0	"hI3EguTzAwc"	
547049	37915	186	1635.0	"pZK9HQK2kj0"	
531622	38411	137	1671.0	"OTLgATI_gNA"	
387320	24865	102	1570.0	"yvDPXk-odA4"	
264679	16610	86	1351.0	"ZLL6GZwqNgA"	
594560	34451	140	1785.0	"Uz_iZojU_fI"	
417518	21685	108	1640.0	"hEfDdlY62J4"	
625687	39505	154	1922.0	"UN9RWAqs6IQ"	
268597	15348	91	1519.0	"Vg0sTKFXPoc"	
447919	27140	109	1744.0	"NtSNg04Z-pk"	
550157	41820	209	1309.0	"OilE2R-1pW8"	
439652	28146	114	1996.0	"Q39Pxzf4RVY"	
546583	37084	140	1494.0	"0uBFJo7FNFs"	
261444	15453	85	1612.0	"db4HSwdZgxo"	
622378	35157	177	1990.0	"SKBW-lC1AV4"	
484174	24599	113	1811.0	"9-PgN1Ghr5U"	
275866	15350	79	1612.0	"sO0LX7U9ftg"	
598940	34244	191	1712.0	"u8VkmZbyU_8"	
475534	26293	100	1647.0	"s4LKCXZxdJI"	
527039	29869	125	1593.0	"NZXhCiTFjfk"	
615606	32540	139	1652.0	"Zd-xwwyiuYc"	
250235	14642	52	1632.0	"Rounwcez650"	
515315	26313	181	2033.0	"yjky52iPWY4"	
288129	13961	71	1620.0	"NP9pxqgRD9Y"	
592197	32176	187	1799.0	"MElsgcbr9ac"	
598188	32051	176	1779.0	"7PGth25jUBo"	
381868	19225	103	1344.0	"oFeWQIqSc5I"	
663631	31354	150	1691.0	"WAd6lZpQl4w"	
226098	13586	51	1405.0	"qCn9zYpMep8"	
670038	29502	134	1768.0	"S4ddwQ7VzTU"	
255010	13486	65	1410.0	"WTRLzXvae5I"	
655956	32049	146	1447.0	"tD7FepCvN9I"	
412284	19047	109	1639.0	"5ghPlBoLE0U"	
944273	47849	257	1585.0	"FyNwhhtHGr4"	
233023	12801	46	1440.0	"bTle8r7pXyw"	
233676	12416	55	1465.0	"RP0ux4HKg5o"	
387415	19288	140	1917.0	"JDLuqexhbkc"	
277673	12900	74	1980.0	"6TfYqksI6hE"	
230240	12300	72	1586.0	"UHe8DqWy_J4"	
293730	14213	94	1802.0	"XcJsYMAowDA"	
347997	16890	105	1506.0	"dPT-r6k0ieM"	
272541	15533	55	1408.0	"Nzg98CNnO9s"	
224906	12133	51	1453.0	"lQgPG7rrr4k"	
327231	19126	126	1616.0	"ARn8RvHCDDg"	
209597	11672	43	1387.0	"xzUi7if9fUc"	
276608	15249	78	1695.0	"ZzAjeNl8laQ"	
217023	11493	56	1601.0	"1pQVFFVuqYY"	
398264	17672	107	2380.0	"BQ6K-6pGudM"	
297906	13946	72	1580.0	"SFodtE1YPz8"	
83815	3624	31	1760.0	"OkMh0et4KrM"	
210341	11200	59	1667.0	"RmLZMQfMh9I"	
91248	3784	44	2194.0	"gRUUpYY_0Go"	
286222	14990	87	1878.0	"dStf3ny9zkU"	
98341	3954	44	2716.0	"fwrr5ezVuEg"	
207826	11890	61	1529.0	"4Ji-l8ILbz0"	
77977	3390	26	1983.0	"NxGaSRLFOyM"	
208562	11225	66	1668.0	"8Eim0XTLkl8"	
77054	3544	29	1678.0	"wQ0huN00j-8"	
304013	16009	97	2190.0	"WhZ3M-2mZKk"	
213663	10618	76	1667.0	"vGA0ue7k2o8"	
81946	3796	22	1930.0	"EK4KCGmQg6g"	
194925	10583	54	1565.0	"mT1Xujx5ZlE"	
81773	4068	42	1183.0	"pYH-6vW3crw"	
241388	13311	106	1549.0	"KJrfYM079pw"	
90304	4316	43	1977.0	"T_lJAksbZys"	
96465	5147	46	1881.0	"uWICf0XeMPU"	
223098	10761	56	2008.0	"o3EaHe49QQg"	
148518	8378	135	2452.0	"xowpTi4Rftk"	
206040	10671	52	1725.0	"ZzVKOLYvbaQ"	
89935	4206	37	1616.0	"wbzQUUKomVw"	
264914	13590	100	1466.0	"Bf_NxDVfp0I"	
216601	10493	60	1452.0	"2xfQaP7ILQM"	
207560	10131	55	1979.0	"tamfX73sQ7k"	
394312	14650	115	1876.0	"Gomvsxjnkf8"	
208020	9773	60	1599.0	"GREw3-2d9Cs"	
131046	5758	52	2026.0	"FdWJ73q0HSk"	
421627	17758	120	2207.0	"p8jM7UhKZBs"	
108668	4563	40	1561.0	"i-FxeJdUoVo"	
96849	4318	35	1766.0	"aNeMbX0Gp0c"	
212980	9837	53	1865.0	"oz3imz_V5pw"	
89832	4045	31	1451.0	"VbjNC3k7iZA"	
101780	4116	24	1266.0	"3En7KdCV8B8"	
206267	10196	55	1630.0	"pnTxRXNoGnE"	
112148	4872	53	1565.0	"tPIpqbbdFA4"	
120961	5232	52	1536.0	"D7vlNCfbwuY"	
124893	5217	52	1392.0	"oQC7_A31lVg"	
388790	16437	114	1733.0	"VZ_434egttQ"	
136592	5963	53	1703.0	"-ypSO7MExoI"	
243782	11639	78	1703.0	"kt-BpRLElQE"	
183690	6765	70	1681.0	"UbfpU5iwcTI"	
403134	23810	158	1061.0	"F2VmY0U2whY"	
130005	5725	35	1499.0	"pG2oKXm9rm0"	
133766	5986	53	1561.0	"8VraaUusZcs"	
129949	5741	47	1743.0	"ktGLbAXQUZY"	
145836	6275	46	1618.0	"xNLcm_cD-9U"	
157681	6453	57	1408.0	"4qbGxG5wecI"	
237917	11042	81	1985.0	"Md7m0_Xy8-Q"	
161858	6518	77	1686.0	"gOvm17ctwGI"	
189656	7649	84	1882.0	"Mrbm23RUubM"	
199247	8116	60	1584.0	"tOn09DAXNqs"	
450556	18054	140	1711.0	"f5XliP8Qe20"	
229079	9088	74	1478.0	"son0sie_Ago"	
405874	15664	176	1537.0	"Zcekh9tDw7k"	
253911	11363	65	1939.0	"SrFl035zqjk"	
107037	7112	34	992.0	"Hjp34B_UeMI"	
113584	5601	37	1787.0	"o3loWpkL1vM"	
119399	5859	75	1656.0	"toGghEq2Ka8"	
116986	4695	56	1644.0	"L_prYJtinMY"	
120446	6599	39	1482.0	"aMqU20sADXg"	
123803	6075	56	1506.0	"DSucP0-eOag"	
139421	6811	47	1500.0	"e5rb_0TX5C0"	
647764	19848	208	1833.0	"M7cyhSybjMU"	
132955	7033	55	1585.0	"u9KMZmpPslQ"	
134232	6232	66	1568.0	"rYvCs5xyvVk"	
131074	5891	56	1510.0	"Kh1vz0t7Yfo"	
124684	4965	59	2106.0	"nU8ZjJ9TyXI"	
124234	5888	33	1555.0	"NCkwoq5qQbg"	
230699	11481	66	1425.0	"V_Q57S2RUQU"	
125683	5781	57	1476.0	"9Wozz4-vH3s"	
148460	7367	53	1569.0	"bbpLjnD6jrQ"	
140685	7250	57	1443.0	"Y4v8EOzznfI"	
156966	7479	99	2076.0	"5aR4o4KYTeI"	
144484	7406	77	1516.0	"m7TjYI21A3E"	
157137	8139	46	1420.0	"0b47i4Zx97Q"	
151131	5329	65	1970.0	"8YXqmL_O4Lg"	
150096	7702	50	1618.0	"qfNoQWhG_Ug"	
380465	16136	118	1464.0	"RX8SPC_-jT4"	
150957	7128	57	1560.0	"j3HcgL_EvWc"	
161144	7485	85	1475.0	"tOpEJR0_Ho0"	
162513	7554	82	1471.0	"uR6mE55WofA"	
157301	7675	101	1438.0	"OJMXW_EAJ7s"	
126453	5029	51	2237.0	"tpA55cokWTc"	
158931	7822	60	1548.0	"QLr-4NjQBFE"	
171314	7954	61	1492.0	"zc6Ng3v3i24"	
431488	16445	133	1937.0	"DQbSkbmBQ7A"	
173542	9456	47	1423.0	"aqfjPF0Fn54"	
183415	8698	95	1719.0	"J9wJYUYDGPU"	
181813	9179	247	1367.0	"UHu4ys3Lt50"	
212664	10575	67	1459.0	"N-glIK3rV7s"	
132194	5115	48	1757.0	"USHPhZQTb1k"	
319188	18640	119	1345.0	"XVkq9wR1K78"	
142597	5703	59	2306.0	"_mMoxBQm4aQ"	
506496	18217	175	2103.0	"MWfv46o_19E"	
143410	4958	68	2897.0	"B3PDasy-yxQ"	
154096	6401	43	1898.0	"pADhJw6CO_s"	
473593	17142	172	2327.0	"usUC-6TxsEM"	
153041	5722	71	2732.0	"sMWxliNbVW8"	
812733	24478	308	2203.0	"tEXcTyb0uj0"	
175507	6453	68	2411.0	"gWSQtmQCaNQ"	
183181	7541	57	2231.0	"dcHdreTKqSw"	
437143	15711	112	2062.0	"LrgLaL-M3uI"	
148854	5977	52	2257.0	"BNdB1N5NqRw"	
169852	6760	60	2915.0	"heEKVnJUOWs"	
241913	10558	64	1516.0	"3wJwmuZZSIk"	
160058	6376	61	2092.0	"50ixv8bDpQg"	
134511	5401	41	2556.0	"35QgAndkBqg"	
246313	10804	65	1657.0	"ScvbulGKgdQ"	
164179	6650	44	3247.0	"UJCok3dAuXY"	
172939	7039	53	2326.0	"WsvXjreu9jg"	
309784	7645	132	2971.0	"bIu0LGRP3JE"	
358692	17214	160	1728.0	"41IvEnE1QGw"	
148950	5757	92	1662.0	"cganNjTMB48"	
160112	6997	52	1816.0	"ZuIlzsRmypo"	
169570	6803	56	2304.0	"9r0a9smrU-Y"	
160491	6696	52	2055.0	"yhOJvXhEl-E"	
246530	10748	60	1750.0	"RH5SSPYr0ok"	
165508	6502	66	3353.0	"bK4NwTv6tcA"	
172153	6891	64	2233.0	"UFgOOwCf-Gg"	
180606	7144	58	2179.0	"OpU9ijAxuzw"	
173520	7761	47	2164.0	"gINWMu0auOA"	
176321	7667	53	2240.0	"M4-At6jCQxU"	
188050	7262	50	2625.0	"Cg3SavJzOVs"	
244839	11196	63	1533.0	"KE7qlKXt0-M"	
186742	7715	62	2195.0	"zimoFOmYFpk"	
181232	9281	62	3439.0	"bEqpN8PZXd0"	
192850	7802	76	1948.0	"zRfw5fjg4BA"	
200731	8407	67	2164.0	"53ztAB2jnGo"	
213201	8701	74	2289.0	"qMOCZyBW3Vg"	
272266	12140	78	1835.0	"N2nxzAWl4TU"	
223685	8172	77	1869.0	"2qn0GHodZLE"	
232119	9510	79	1583.0	"C_ecg_VRFsw"	
308812	12478	137	1808.0	"M4sZ9tOcAZs"	
312224	14047	108	1695.0	"5o5IMjDp4LI"	
384608	15476	245	2228.0	"rm5GPAoEsCc"	
318085	13747	118	1917.0	"HKwPRN2FgZY"	
309661	15405	137	1724.0	"k05IM-LHJR4"	
323979	14077	85	1834.0	"6Ymu4lWqENA"	
298811	13655	120	1584.0	"w-bEh43LHZY"	
314124	14389	63	1423.0	"KqyQr3truy4"	
350001	16493	60	1272.0	"KZcJQO0BIng"	
512413	24069	115	1785.0	"Y4HmxnAj6fQ"	
259680	10198	70	1758.0	"oiwk6dtF3tQ"	
38634	2114	51	1774.0	"spvbAObyqwo"	
28420	1426	10	2051.0	"q4tGzHNuONQ"	
27429	1353	17	1710.0	"hLEs6mlhHms"	
494194	22057	191	2930.0	"_3Fpg7z9-YQ"	
28195	1592	27	1966.0	"QSEUnvhzXDU"	
26957	1506	28	1527.0	"gl3W61TzzM0"	
32313	1440	16	2146.0	"d41jJU5DLO0"	
289040	12069	112	1988.0	"sZjhn80auwQ"	
33841	1661	22	2098.0	"IyPipkIt5eI"	
32700	1646	21	1940.0	"oYNJzLvsfA0"	
167788	8380	44	2167.0	"wobnnMmV8Lw"	
28207	1463	21	1711.0	"F8inNGEL_cg"	
35844	1685	40	1619.0	"9yMyd0HC_S0"	
35745	1809	26	2163.0	"-NAUEa4uGEc"	
195190	8550	54	1497.0	"9pnqOkIr3Xo"	
32371	1763	31	1593.0	"vnKYymfuAQk"	
42380	1980	57	1890.0	"jqvFxJEJbtg"	
37541	1935	46	1714.0	"sZR-I1kMRnM"	
43719	2066	60	1808.0	"NQnw5XRDlvQ"	
314637	13062	88	1540.0	"HeeNHBqV9Kc"	
47728	2337	37	1901.0	"KsK91PXUT48"	
42441	2168	40	1421.0	"iGVNwnWW_Fg"	
297581	10327	73	2079.0	"2JskIa1Cr3U"	
47305	2337	75	1432.0	"BwElXPRSnME"	
54533	2735	55	1672.0	"0TNP16zNcnE"	
57763	2867	41	1657.0	"_GRSZyEs0GY"	
212141	9390	58	1716.0	"H40WwTZGmVs"	
66200	3229	109	1553.0	"YzUGG9ReuEI"	
82982	3752	79	1531.0	"wtE4cjT6yeE"	
83818	4069	83	1574.0	"epM2_rXKuQY"	
190931	9128	69	1455.0	"KF8yZKBLzMw"	
108754	5293	136	1809.0	"hP5NeM5i-2E"	
193139	11678	222	1415.0	"oFEp0qX5duw"	
370138	13232	93	2108.0	"0z_PFlYMvPs"	
221836	9079	74	1701.0	"IBNW9AH4r8w"	
339216	13872	114	1516.0	"YaISyzMy3_o"	
198239	9266	52	1522.0	"oxmpUQ5AqNA"	
235815	9861	79	2409.0	"DtzizHzr2Ds"	
380367	14905	114	1618.0	"iZlaLHoJ2xY"	
249041	9434	83	2131.0	"ZRnVNHSE7pg"	
436484	14660	133	1772.0	"Sljwp0kTW-U"	
216746	11388	51	2164.0	"fDlD7RDDUtY"	
79547	6275	100	1775.0	"rw8ZhAQ1qR0"	
267885	11558	100	2728.0	"KCkqAWHUQ8E"	
235417	9620	57	1705.0	"rC0UjqohOWo"	
222651	9725	56	1833.0	"DTiQ8EjRxJs"	
240052	10931	67	1852.0	"QbyCKmaZnWU"	
245029	10589	65	1979.0	"QnL-Je6uTdY"	
382916	11875	123	1786.0	"TmX_RRMLFME"	
235931	9995	76	1809.0	"meSIp50ymkU"	
222787	10217	51	1595.0	"AgOonpNJM6k"	
236478	10093	59	1691.0	"vVzI42mnW8M"	
254616	12145	74	2072.0	"mNbGOFsoVE8"	
267988	10909	61	1805.0	"jocgCNQfDmQ"	
393147	12398	132	1730.0	"KS2TMrCLnvg"	
257880	12379	72	2068.0	"Bu2ITOOU_wk"	
281124	11968	58	1762.0	"sgFTvDjDqOY"	
96340	7355	130	2112.0	"fkfPqtKxaIU"	
283029	11199	86	2428.0	"pjz4XLQlj04"	
310120	13047	103	3756.0	"C6IyIgr8zy4"	
247908	10453	46	1897.0	"jQQGFSLh_z8"	
386615	18547	103	1780.0	"GbzSVcyiWP0"	
369315	12671	94	1282.0	"JR4NtkQKPN0"	
237620	10055	72	1811.0	"2u78Oz6-bhk"	
145665	5908	72	1850.0	"5LL_VxBNxa8"	
235901	11338	56	2008.0	"K2KXgwmI8Cg"	
233640	10845	69	1975.0	"JVCgqewYmZU"	
511987	12828	153	1752.0	"tr3LhCdxSn4"	
254988	10309	79	1845.0	"GvkC5ATqCyU"	
114865	6078	39	898.0	"sQVNWj5Bb8I"	
234511	10580	60	1668.0	"lWNCwlrboBU"	
527633	12473	162	1644.0	"UazAdxaYlVU"	
123491	5358	38	1224.0	"Tu0CPUyuB9g"	
177054	8308	67	1316.0	"bIEcxD8M6eM"	
173830	8398	220	1824.0	"E8RYF5kRL-0"	
242527	10148	64	1789.0	"ALJbD57o2E4"	
149215	7858	83	1576.0	"uHBXzIaHoeE"	
244246	10158	75	1700.0	"pLmmnyuF_KQ"	
109693	8406	166	1953.0	"ztyrhJ-Dp1o"	
820515	20587	294	1630.0	"dc9QynhlsOs"	
251900	10500	68	1593.0	"0QfBPpdGE2I"	
227304	9648	57	1579.0	"pHXrvKeT1Wc"	
3214661	46849	1301	5428.0	"ULcdBpWb2No"	
228255	10056	56	1705.0	"C1a3JRilwFU"	
251765	9726	60	2027.0	"WokDovM7BwI"	
238477	10143	61	1668.0	"Qb_Qz2bk4xQ"	
308877	13854	111	1386.0	"wyEIcii_9pk"	
245235	9996	78	1790.0	"zwDVQRN5Jv0"	
244583	9768	85	1480.0	"XjlO6huWVqI"	
281519	10646	100	1923.0	"nomVzrORKww"	
335881	14790	168	2267.0	"CBeIq96sI3w"	
296305	11956	94	2342.0	"ZJnfckTtPAM"	
263541	10692	70	1527.0	"uU1wQ_drZOQ"	
273358	11087	67	1833.0	"eh2aJH7EkIQ"	
283853	11244	64	1829.0	"8XfZQ_sglHM"	
382080	18965	140	1843.0	"J6ofGSrK5W4"	
87972	3585	64	1395.0	"s9uYaFKyzks"	
72743	3275	43	1397.0	"gx1mADUHZ9c"	
75571	3444	54	1380.0	"XFjSIOl4sqs"	
261793	10268	73	1688.0	"bERl2i_HBHA"	
82886	3603	61	1635.0	"sI5YSSgGP3U"	
82874	3787	66	1413.0	"BMqs1Mbc77w"	
260023	10482	58	1649.0	"yWy1dD09s2Q"	
78791	3407	139	1334.0	"-iGK7JDmArg"	
79533	3668	67	1504.0	"GJJxC8VYhW0"	
83283	3933	124	1169.0	"79s9ybKd7OI"	
87643	4243	67	1267.0	"IkbhRLAy0PY"	
250706	10355	77	1706.0	"1cnHjDpzGjg"	
96116	4343	74	1373.0	"8K3mS3TnOR8"	
98333	4831	49	1397.0	"GrwuQpo3B4Y"	
110801	4835	64	1310.0	"_XxaSBQLFh0"	
107315	7013	76	1555.0	"0tGNKOhW0r4"	
101797	4681	58	1254.0	"uN0l1q-qmD0"	
111151	5095	135	1295.0	"Z3DS5_0fTO8"	
120416	5345	52	1334.0	"xrQ4RrtA0Pc"	
252935	10923	62	1652.0	"KmqHWPDV2Kc"	
120461	5600	74	1304.0	"Rcm_ay6lNZY"	
131192	5774	87	1222.0	"p08es0k4Dg8"	
67585	3499	40	1948.0	"eovkjtLvvR8"	
196928	9735	148	1418.0	"WNkyMfrhZgQ"	
64640	3100	35	1236.0	"tAjIjijoUBY"	
70694	3269	37	1238.0	"Jk0BXR0pK-E"	
267745	10586	114	1843.0	"igEev6qaJQM"	
64006	3288	34	1233.0	"tuRug51IOgQ"	
72173	3783	36	1239.0	"dwwLEio8qio"	
256883	10411	56	1919.0	"fggGzrq9XBY"	
69586	3421	42	1231.0	"QyZduhT0xQw"	
70156	3275	53	1214.0	"5LGWQPwHahc"	
86983	3994	74	1224.0	"sic0OKiI5tI"	
327908	13446	107	1818.0	"U39oJmcD9wM"	
93720	3941	61	1215.0	"JS1jDm5GLQE"	
96665	4492	44	1216.0	"kqxeuhF-tzg"	
269663	10488	58	1694.0	"d0aahg9CCFg"	
106968	4328	72	1215.0	"Qv-UAkY-JzQ"	
180068	13027	112	1473.0	"FvDcunH5hqM"	
195280	10220	106	2139.0	"42jiWcWvrDk"	
284580	10835	81	1899.0	"FpADvxImTdg"	
303850	10781	64	1944.0	"hZC67_ZeEQc"	
362379	15211	119	1580.0	"nZpS1NneaZk"	
295522	10488	82	1808.0	"41lCiaeJ7ik"	
167370	11652	79	1402.0	"YuFbaA94GnA"	
154525	8948	46	1207.0	"UojlwpuIA1U"	
291869	11179	73	1609.0	"Y-1sF7dfFWA"	
155260	9123	42	1212.0	"_jlX57mA1ew"	
148634	9265	48	1211.0	"ODp-3kVNQg0"	
357710	14749	126	1500.0	"J5YuH1LV4-4"	
154291	7208	56	1215.0	"HI-MTlghhHA"	
166345	7191	57	1225.0	"4zFNm1v5zj4"	
155412	7302	49	1216.0	"GhpSTVtXwQg"	
162846	8042	55	1203.0	"-0_QK2Y6zDE"	
176009	9865	64	1204.0	"2ARdfM1zmrA"	
186061	12339	63	1214.0	"qBysGlVU520"	
310148	11690	74	1604.0	"nmk-JU8csas"	
213414	10466	71	1208.0	"vAzh3pTLb5U"	
304979	11995	81	1546.0	"Fcbfeu1OLeg"	
290866	11108	131	1389.0	"Sdx3mhEbbXg"	
372949	15314	110	1577.0	"aSzaiDPDOZc"	
296765	10311	74	1523.0	"E4WiXICHoBk"	
297586	11564	62	1353.0	"pYelMnjy4WY"	
254259	12007	183	1515.0	"2iCxw0D3ryg"	
290645	10328	96	1903.0	"1jEx9rRroHk"	
268302	10497	71	1562.0	"27X944qp9f4"	
372221	14792	133	1591.0	"GEbHOIMtqtY"	
360234	12513	78	1925.0	"TS695iegfoM"	
305709	10957	87	1889.0	"aQ_CriUNT2g"	
344360	15010	113	1841.0	"-SDe384NLPo"	
353980	11686	130	1753.0	"hjkKzrB9vTo"	
313255	11310	97	1692.0	"aHABNPsLHr4"	
352572	15271	94	1833.0	"vif6oaZPcRs"	
344551	11977	96	1910.0	"Kwv_bz9F618"	
260996	9957	360	1573.0	"QkvDrlAIdzM"	
366876	12013	88	1979.0	"MwaSaM6xLIA"	
331728	13774	122	1572.0	"113JG9Oy968"	
339629	12153	96	1699.0	"kPJP4_2DX-4"	
317498	16207	172	1196.0	"nMLKHX4AYgc"	
577835	12943	173	2066.0	"lfpfmfJm1Es"	
348151	15098	133	1472.0	"YmyuvzMg1Is"	
357315	13013	106	1766.0	"TUoRx7zVues"	
298904	17372	142	2070.0	"4rv-GCzcnf8"	
371165	12888	95	1792.0	"dWah63YAHFY"	
313635	15146	123	1410.0	"tJEqBTd6Gfc"	
350519	12360	84	1422.0	"ICq0MEZni4E"	
456733	17335	147	1837.0	"OjNr80jbcWw"	
399061	12201	94	1772.0	"o7HIYlcbEWc"	
396976	14951	126	1632.0	"2qCBbDoJu5o"	
355382	12849	103	1576.0	"sxxSnytZx_g"	
393389	12230	117	1860.0	"FUTuDpfoiT0"	
378572	13213	103	1752.0	"E7qSQT-X2oU"	
413654	14825	121	1707.0	"5fRYGQUETeg"	
403820	13447	81	1810.0	"2Mbo9xkG0Hs"	
117038	4464	82	1090.0	"1kg-FbH-BrM"	
387024	12575	107	1896.0	"RFR1qjL1NR0"	
83300	3705	61	1348.0	"IvJ-SEB77xA"	
99109	4367	65	1417.0	"cdfv0eE2Jqw"	
385605	13207	105	1701.0	"RQdJ--zMuHs"	
382752	13735	119	1705.0	"61qZf4tEx8g"	
389302	12700	90	1752.0	"Opbp3uEQZYI"	
402662	13421	121	1783.0	"3Xq3Cx24Z3c"	
129597	4653	111	1338.0	"-maxd0KUb9g"	
99905	4387	75	1147.0	"53oo5VFPHOM"	
406770	13158	97	2066.0	"04yfs5C573o"	
100320	4545	57	1226.0	"1uCWQpZqhm4"	
340015	14656	100	1558.0	"s9au70jzHXI"	
97117	4615	54	1187.0	"gFxuJSWup4Q"	
390716	13814	97	1614.0	"bKU9lJ-LyOk"	
109014	4857	96	1254.0	"HRnmiB1Jo-M"	
103959	4492	62	1413.0	"k8J3pxR-dFc"	
396990	13770	86	1893.0	"xXxzs4N-KUA"	
106400	4795	55	1322.0	"KbjIRiWqr8U"	
396111	13555	95	1658.0	"ut7sPEuEAzc"	
117324	4945	53	1286.0	"6i1BlaX-ST4"	
436654	14527	90	1667.0	"TEE1v0pxreE"	
345117	13763	151	1141.0	"moBcNvNo0XI"	
109907	4808	51	1176.0	"GNeMH8tguD4"	
427037	14293	104	1732.0	"R2eZGT0VJfQ"	
123953	5045	92	1262.0	"F8ainVABNKI"	
131835	5439	64	1289.0	"B9fMYuk3Y_g"	
426908	16514	101	1486.0	"3-4nzpU-vW4"	
123585	5180	42	1291.0	"L9nCi0z5oCw"	
462320	14846	82	1883.0	"ygEAAqraBNo"	
123517	5187	32	1396.0	"tsOZm0J36H4"	
465146	19931	74	1759.0	"o5uitdquFIU"	
117440	4869	52	1261.0	"a1twyusrwyo"	
435690	15766	87	1704.0	"KF0S1fRYqe4"	
443438	15247	96	1714.0	"dMiJFy6h8b0"	
110501	4531	170	1079.0	"_flbeJVv7Oc"	
120072	4835	50	1424.0	"u9doie6X8BU"	
480959	14855	70	1994.0	"KPhAyQQnJ9E"	
201918	8036	251	1551.0	"lh6X1J8XzsI"	
125963	5180	31	1316.0	"YMDhboZOyQE"	
440423	15344	65	1979.0	"hwFKdtU9bLc"	
123097	5080	38	1220.0	"91K3xFbOWYA"	
466718	14166	106	1950.0	"f9EAKu3sxrM"	
128162	5318	31	1224.0	"QiyCd0ACSGM"	
506539	15191	74	1878.0	"7NpPO8_TjfQ"	
404454	15059	86	1469.0	"Sye8bC1CX3A"	
138175	6423	43	1767.0	"wOmQqqlYnl0"	
511782	14652	90	1912.0	"zVQNXwDvb-E"	
124653	5413	47	1239.0	"sL7Afs7JXXk"	
529169	16049	115	1906.0	"P3T5JjibMwY"	
127473	5373	56	1235.0	"KERCPpWX6sk"	
555029	15464	99	2129.0	"LM_mGHpmYOw"	
343227	13078	69	1527.0	"5geqTtoO6Mk"	
116625	5035	40	1288.0	"DYCGZ1xv9yA"	
584448	18737	99	2082.0	"-lg-Fq0foyw"	
126043	5129	47	1346.0	"ZtfOZAKLz9E"	
243043	8888	69	1542.0	"M1AxnG9W3kw"	
554162	15894	74	2125.0	"PemMbilDhNg"	
133464	5699	38	1317.0	"BOR4sCGeYM8"	
603752	18770	109	2190.0	"eRgXVNVc_D0"	
132108	5774	47	1226.0	"3sgH_ZijVhg"	
689358	18766	91	2348.0	"xr2q0ad0x_k"	
397525	14942	63	1681.0	"MA6RYwI6Rhk"	
142361	5878	39	1543.0	"rp_bQhqsN4U"	
680749	19463	100	2065.0	"idOzJBdWVKs"	
143032	5824	37	1337.0	"I7K4yzsqrTw"	
697317	19245	132	2107.0	"Yk8_4Y7XndY"	
238337	9815	49	1204.0	"6FC03-EIEH8"	
150657	6792	50	1319.0	"QYwb8w_7tAM"	
773521	26939	157	2028.0	"jm_lHiaSYQM"	
137566	5707	46	1158.0	"VFF5RwbZ2Lg"	
1318154	39464	271	1884.0	"WNA3lsmD8M4"	
133773	5459	43	1309.0	"c6SOVtrZgsI"	
347562	13454	95	1490.0	"1mbEJCJ_RE0"	
162602	5892	47	1306.0	"BWw6yGeP5FI"	
258893	9200	51	1374.0	"sGeIzMJh87A"	
160038	5840	41	1345.0	"U5ElQ7dB5Qw"	
193436	6608	92	1328.0	"2ZIh14YxtHQ"	
392005	13601	152	1596.0	"nVvXZT6NHwc"	
188152	5925	84	1247.0	"pK4fXsfvuAc"	
266741	10793	34	1435.0	"VIjt64oHSns"	
195250	6350	59	1266.0	"334xIS-jULY"	
223479	7442	73	1367.0	"AsSQV8vQ1Ho"	
369813	14323	70	1584.0	"OTxrZoMSpo8"	
418852	12543	198	1309.0	"4vAGIHiiTRk"	
277017	10532	45	1898.0	"opvRSKE1mGc"	
310267	10369	66	1956.0	"GW3-z_HL90k"	
378175	12501	80	1580.0	"5vgO-AWYyPw"	
144947	7183	102	1483.0	"jjzp8rAYHHM"	
250743	8749	86	1724.0	"k9TX01TaR8I"	
114013	4823	50	1218.0	"O--aycNNxrk"	
376465	13290	88	1666.0	"wBOyrkX-KOk"	
107841	5566	39	1282.0	"OyD5QEWsliE"	
121012	5188	51	1388.0	"Feg651OqOLU"	
233754	8914	33	1448.0	"qaMqMQaXA2E"	
124957	5881	51	1327.0	"3225dBYThu8"	
121894	5390	31	1332.0	"_Asx-5Kw9x4"	
258766	10123	38	1684.0	"GnRCU6SrqpM"	
122216	5041	35	1434.0	"s0TkiBMRf2c"	
548842	15948	200	1676.0	"bOOI8TO6yqU"	
118649	4984	52	1273.0	"Y9CEe4y9dxM"	
140126	5377	72	1263.0	"H5CZFpsi92w"	
144562	5595	34	1358.0	"yB5DVjontCo"	
285838	10342	50	1510.0	"s6gf6PnSYcg"	
138571	5278	67	1553.0	"gLcoqOj4Jlk"	
149151	6104	49	1245.0	"qJtl-kTWAVg"	
281938	10519	39	1620.0	"J8xWArpyRGA"	
152677	5607	65	1457.0	"GQwBS5taZhw"	
517589	19867	99	1585.0	"iKznTnBdZfE"	
251247	9016	52	1789.0	"B5yhzzDhYDA"	
167892	5899	55	1368.0	"BL9oGnpgeyI"	
293931	10838	56	1503.0	"JrU50HQCKsM"	
171741	9258	71	1334.0	"8PSWBJVu5fc"	
173793	6381	91	1305.0	"18QrTv8Fkv4"	
194746	10467	102	1298.0	"yZUzCEzbNpc"	
625690	24734	252	1818.0	"dcrWBmiYtf4"	
223951	7448	99	1285.0	"aJICijTtanQ"	
309023	9624	159	1267.0	"gD2l9JbfVf0"	
304777	9637	69	1807.0	"L_AAtz7knsI"	
340227	13531	87	1447.0	"eBwP9-UHusw"	
275902	10493	47	1410.0	"wrcjsixkE6Q"	
387939	13052	132	1876.0	"Oupg58gOiZk"	
244803	9952	198	2641.0	"WUu_Xz4Y2a0"	
192470	6796	181	1533.0	"2QaXOBB1svo"	
286130	11048	37	1454.0	"iSck9kPeREc"	
177999	6665	81	1383.0	"A_7m8xtd3kU"	
220302	10316	79	1347.0	"EwZkMK-E2k0"	
176914	6772	60	1464.0	"6drpdeNymR8"	
366324	13270	57	1291.0	"89un5zvwbGI"	
190507	6579	49	1413.0	"yPt1xrHf8ok"	
198650	7076	63	1297.0	"fGDcLGFUuiI"	
435859	15809	119	1384.0	"D7Nwua4ZYTI"	
352997	11457	103	1722.0	"3upomDdUqmE"	
200157	7337	74	1490.0	"bDWqCU9xgN4"	
544503	17326	100	1612.0	"BRnlXsLEsDQ"	
192752	8207	66	1503.0	"RDOa7RV0pAs"	
536762	14817	97	1771.0	"f6Y08xuUf2k"	
217194	7621	69	1414.0	"ZtVE_4ZDYBo"	
572899	16310	173	2561.0	"3pL-PriBPXw"	
191211	8525	81	640.0	"RqtvNtuMWh8"	
277559	13488	91	1610.0	"wW3EdQmZCos"	
232801	8148	48	1449.0	"ZSCXXLcFW6A"	
213780	7298	47	1587.0	"yPyPald8Eb8"	
219652	7338	74	1578.0	"2ZwstI31tHk"	
430447	14309	94	2036.0	"n77wGCORvKo"	
207884	6928	64	1376.0	"L9Qxn_dDncQ"	
139689	5998	53	1638.0	"lAWFp4WcFBM"	
222713	8304	82	1434.0	"ctQsAcTk6Ho"	
217172	7733	63	1480.0	"73SRDR4_sOc"	
255000	9285	79	2032.0	"5pZYRr4ldJU"	
231626	7880	68	1516.0	"ZgM6Vsp-R9w"	
232897	7539	96	1517.0	"oDImGRJmkjA"	
247866	9394	81	1374.0	"Sm1k4GmE60Y"	
118496	4764	69	1911.0	"XKmtYUkJgpg"	
344018	13236	79	1527.0	"BU_5s1oiG1s"	
167128	9417	68	1332.0	"Gc5XDDUQtNE"	
248363	8662	55	1426.0	"-4EItpM9QNE"	
262187	8765	57	1530.0	"iRDxydHO9_A"	
276939	9194	63	1901.0	"-d0WyTG4DKM"	
241600	9032	77	1328.0	"uzDjyp3tJ0o"	
305451	10795	77	1515.0	"MNXbeOJhnxs"	
126899	5212	80	1726.0	"PohyeaA9km4"	
248227	8745	73	1595.0	"dGdhDKuGi0I"	
380870	13882	115	1758.0	"GUK0_MYPnn0"	
246120	8420	89	1439.0	"N5U393vE6Vg"	
253803	8731	70	1476.0	"kXdeexu2cYk"	
268716	9184	100	1470.0	"034D10cVYno"	
238936	10065	74	1568.0	"lYnqSerIhGU"	
251775	8440	68	1392.0	"hu32APLG1fY"	
263761	8631	78	1498.0	"lPFKsB2vPX8"	
404774	14250	77	1814.0	"JYNsZWFyCM4"	
249637	8838	58	1320.0	"OsoN1pG2lEo"	
155568	6352	84	1674.0	"fgvBsVRVP88"	
271188	9341	77	1564.0	"axXQT0s6Hsk"	
268799	8604	108	1497.0	"szuKTEl14sQ"	
306566	10250	146	2031.0	"TSl5D4QOA7E"	
290626	10642	145	1617.0	"tFMhkl6H40U"	
263483	9002	60	1384.0	"EhbxvyM9Ly0"	
172109	8167	77	1655.0	"AKoM5H31nEU"	
260178	9018	66	1472.0	"JeK5oF3rCeg"	
422751	16283	140	1581.0	"HFfhqxpUtQg"	
270305	10086	54	1367.0	"g3n9MbYTGHY"	
162846	7506	132	917.0	"xxGszpfsUEU"	
174339	8490	59	1918.0	"EqIUgKuWEpQ"	
279936	9448	60	1506.0	"fOVY_DY9NzQ"	
264820	9520	64	1723.0	"G40F8W1hwOo"	
163175	7719	21	875.0	"FE43fjh0WdU"	
291895	9221	63	1406.0	"3UXCom4-EDA"	
211750	9850	60	1121.0	"9aVgc6KfQ44"	
233420	10502	205	1818.0	"NLEFxEWzWgg"	
283644	8882	53	1658.0	"fZ1iR7SByeg"	
296164	14632	234	1944.0	"z9sAw8ey3Zk"	
301149	10042	77	1613.0	"nzmbkinQNHU"	
399952	13968	196	1378.0	"E3zaRTuG7fE"	
303866	9941	69	1439.0	"rQdfMoD6PJI"	
275141	10441	74	1757.0	"BmNbZygqHpE"	
307908	10085	80	1481.0	"sbf8XWk7l9g"	
305181	9990	117	1344.0	"3JakT2289iQ"	
305976	10692	236	1423.0	"LhWpPvDL-6g"	
446940	15125	119	1469.0	"XizwxFhHxoI"	
278190	10444	52	1663.0	"L3APer9D7Ys"	
351235	11131	83	1362.0	"sy2HMbCb-IM"	
287957	10022	46	1729.0	"4a7nZecYOOM"	
344008	10691	69	1479.0	"wA0Lx8aIyY8"	
564567	16934	137	1581.0	"Cct-6xrC-fQ"	
393727	11504	100	1459.0	"lJdhrYtzHBI"	
339522	11174	77	1384.0	"roXL7X7tOZ0"	
306139	10900	62	1524.0	"KgQ_D1XAfLQ"	
333912	10106	75	1388.0	"JHu-oLPzI2w"	
334493	10041	80	1438.0	"JG2QieT18rU"	
996331	21436	402	1823.0	"8o6J00JWSBI"	
350706	11214	78	1499.0	"ebxm_9zdDZg"	
346191	10830	112	1346.0	"ZIt2orxTZXk"	
275001	9925	64	1670.0	"vvwlXtE9rj8"	
362696	11348	111	1320.0	"FJ8v96anldE"	
198143	8903	54	1797.0	"Dd7viHfTZ2Q"	
358541	11890	95	1353.0	"yjtWKF0ZqxA"	
375957	11405	75	1464.0	"znPXaalwb4Q"	
394430	14364	128	1093.0	"P-fJO9CeQuI"	
366476	11421	77	1346.0	"6jti3YMo5TI"	
369152	11134	71	1338.0	"CbQ-1Qg0-G4"	
299773	10664	90	2267.0	"WMhMtT_qC8E"	
376556	11710	68	1644.0	"OcMW6X4pkBY"	
387561	13972	92	1420.0	"0jnqsAUrsBg"	
204563	8271	58	1267.0	"SbXGrmKFhgo"	
1107568	22950	502	2296.0	"QichcCSini0"	
390566	11627	73	1465.0	"_xJ0d4nLrKI"	
404939	19927	102	1528.0	"0QUM7ZnUZ2g"	
272631	10117	37	1735.0	"7pftQe--Q0w"	
419668	12456	91	1229.0	"WCGj-fLUPvk"	
423670	20564	96	1276.0	"4S0nlx_V_Fg"	
378109	13034	91	1617.0	"T2saugIdCOc"	
441835	12905	103	1234.0	"w2FzelZhz1g"	
198597	8644	57	1539.0	"ctIAXaM3wLY"	
454166	13252	150	1465.0	"AOeD2s2-W5Q"	
419307	11918	156	1438.0	"8DQg1cgwWQI"	
262390	9107	60	1739.0	"LOsUD6UdhNA"	
462875	11660	107	1270.0	"5Rv2E2S0UAk"	
385480	12193	104	2166.0	"KdVI8dHqgaE"	
493516	12147	132	1266.0	"IePWnrL_OpY"	
517128	12669	114	1341.0	"zqh1CRSL_yQ"	
158616	6464	51	1282.0	"G7A-TotYeLM"	
581325	13331	131	1294.0	"uqb_4h2uGfg"	
379303	11244	158	2021.0	"HaGWvdFHS2A"	
608279	14288	109	1330.0	"aK9VvPmxQh0"	
133409	6286	35	1301.0	"Ipr7CaoBBs4"	
262991	8738	50	1866.0	"R0gH449LPhg"	
941564	20942	252	1331.0	"PXWdnODxSQs"	
143282	6461	43	1481.0	"R_z4KTN9GZ0"	
381993	11935	107	1796.0	"ErNeCjH6ndA"	
261317	9064	47	1699.0	"tJwmlYhQ0A8"	
71634	3001	41	1553.0	"rim0kMmbnII"	
70568	3276	36	1420.0	"_wyavDL365o"	
158212	6755	46	1266.0	"lsR1XpcM9Oo"	
450077	13287	126	2008.0	"JLluJOnLkVk"	
63869	2871	24	1352.0	"8FH3Hvi39zg"	
164139	6757	30	1706.0	"u4IPcmOkn7c"	
62532	2863	27	1400.0	"6rzu0EgjMLk"	
1552809	27123	382	5422.0	"HHWLtTO1PxU"	
240822	9460	39	1889.0	"j_gCu5mdviM"	
66564	2987	25	1361.0	"Qr1v1I9Hj1w"	
170207	8605	62	2173.0	"wPHTtuIigCE"	
71367	3153	75	1321.0	"2pbBnqzGeJs"	
376207	14092	82	1744.0	"QRP10Ts0T_I"	
69061	3187	41	1405.0	"hsH8Gh2Fyj0"	
142212	6641	58	1833.0	"4NcXnfvmhJs"	
71855	3303	50	1348.0	"cbEj41w_fds"	
79876	3426	42	1420.0	"hLod1CNciM4"	
152137	6736	35	1548.0	"2Z_ipc8lVs0"	
258796	9197	46	1594.0	"mvKU_KAz2Ro"	
78057	3242	39	1705.0	"E1xwaEUh0M8"	
341906	12699	55	1592.0	"3VYel3nLREE"	
81053	3599	57	1391.0	"VjYItA2gKgY"	
89127	4073	42	1366.0	"mXJbjqiTqqE"	
173982	7380	48	1760.0	"KcWw1TEp5WU"	
84554	4038	26	1414.0	"yDO3mErT7pw"	
271358	10424	45	1836.0	"PwLbGrfNfgE"	
180061	7461	43	1787.0	"yfYMQ7qfGl4"	
73364	3528	21	1176.0	"9pa8GB715Ow"	
392705	12961	60	1747.0	"oYmmma5ZSnU"	
92165	3814	48	1415.0	"WByHpToB8j4"	
99363	4152	53	1316.0	"gZs4ZgKWrgw"	
158730	7571	45	1782.0	"ISVh6626XZA"	
257492	9718	48	1800.0	"9cvg9wUesfw"	
85429	3783	24	1287.0	"YkOiPChgv_k"	
147182	7000	54	1591.0	"ySd6IS5_AMw"	
78680	3701	21	1238.0	"6Ver4llHqdE"	
496401	13517	121	1801.0	"NYo1ui8nUWA"	
94215	3899	65	1374.0	"3umEuN_iGSw"	
190205	8179	76	1847.0	"bi6ET3YthtI"	
109451	4456	52	1368.0	"xBuk40QNqBo"	
120724	4682	48	1446.0	"K-8ooLZHMFQ"	
174308	8119	41	1712.0	"YIDwANtn2Qc"	
254301	10124	42	1633.0	"F4ny8CKWSfo"	
119588	5013	38	1354.0	"5LPdzf3tzpM"	
148334	5406	79	1221.0	"R-7q_SKmEfw"	
178250	9341	53	1553.0	"QM184cWL6K4"	
165180	6447	50	1252.0	"6f97JjyDF6w"	
419288	13452	122	1974.0	"r2l2VUNMvwI"	
209400	8325	69	1652.0	"cw46xwsRvdM"	
220900	8321	118	1215.0	"uPIlaL1SPwc"	
113167	6236	59	1064.0	"ZQBpFPl9-sU"	
193124	8019	117	1729.0	"r1zsuVns1cQ"	
110884	4914	35	1190.0	"YegnuFjRtZc"	
361632	14051	100	1898.0	"hGaDoCYWMzE"	
109245	4891	29	1214.0	"GkM1xkWfJJ4"	
178227	9130	50	1327.0	"ZYWfJrSIF_U"	
114022	5207	38	1182.0	"iA4Khfro_Kw"	
174355	6464	50	1601.0	"9HIfeDs3ky8"	
266621	11449	57	1478.0	"kp-i9ZFF_s4"	
124773	5507	59	1233.0	"tZYPnTsqJsA"	
217477	9359	74	1346.0	"9dA1IJrtoKE"	
124217	4950	64	1222.0	"_OQoXGb9UAQ"	
232748	9353	67	1595.0	"QPPGDiBvgw4"	
161329	5470	38	1776.0	"k2rCn74gnAs"	
127265	5386	52	1225.0	"7UsBP03zbQc"	
479898	14958	201	1498.0	"h9_QUPYX4mM"	
159494	7186	117	1278.0	"Q4EqrJ2Y8T4"	
186382	6792	92	1166.0	"bXFvHJeMjbw"	
336982	16473	99	1696.0	"WK_cmUnIOqY"	
167661	6650	124	1211.0	"uPSByKM4bOw"	
192179	6156	65	1809.0	"OPBH-vfyIXM"	
213623	9493	182	1187.0	"vDVewQpAqBI"	
478783	14633	115	1377.0	"YdPKU1lZpJs"	
220227	7109	124	2020.0	"Q99x1RWOcJo"	
334614	9404	183	1683.0	"JHru2bCJEEE"	
479460	16703	133	1899.0	"uOga1dxKzHY"	
292837	10404	48	1657.0	"Pl3yneEDFjg"	
1729837	21692	884	1701.0	"oj0j4Tf2YSo"	
323430	11735	77	1878.0	"6LyLgT6aA6o"	
282687	10890	75	1228.0	"N09y4fCjnM4"	
365386	12858	108	2112.0	"GlzqmPjIRnU"	
253887	7211	94	1451.0	"QUj2SgBnJgs"	
286823	12535	68	1388.0	"bkzzMOFoQqg"	
99605	4753	222	1346.0	"aNQl1Am2A5s"	
144249	5864	279	1205.0	"uZqbh9n0BSQ"	
250778	11473	199	1349.0	"S0eTwbC8L-s"	
358600	14774	100	1587.0	"OS9Qt5ZnSAQ"	
240160	10393	40	1396.0	"-ZgNkcbdOZo"	
210302	6863	79	2872.0	"0zot9RYrAKA"	
308849	11428	69	1826.0	"L_QFxtIQkf0"	
411477	15408	103	1506.0	"Q_hZbRUdz_w"	
238365	7383	213	1734.0	"g5zSsnjbWLg"	
260729	10048	69	1912.0	"_aEsG0lcJzk"	
247290	7828	73	1862.0	"ZML_tGPDS7w"	
387491	14089	99	1556.0	"5AnGRcn-3RU"	
298949	11591	163	1255.0	"E9XzZpHPmQ0"	
272276	10941	65	1448.0	"DRl2ZZH9Kpk"	
442009	14800	78	1686.0	"OiBRak23XLU"	
347277	11713	69	2203.0	"v1iGYydtpP4"	
284587	11270	56	1556.0	"eWFXQpG74KU"	
258098	9723	80	1924.0	"VCKLJ9bDiIQ"	
431778	15310	165	1700.0	"yOHSEI1OI48"	
169842	9551	536	4931.0	"SWnMcwknWAQ"	
289482	10878	50	1473.0	"XHJ4rQqB36A"	
275498	12002	43	1321.0	"n9pa7eAUHqE"	
483244	15939	97	1533.0	"OvkSsH9jKlc"	
283480	11301	60	1894.0	"aJpljm-mziY"	
286938	8076	64	1673.0	"Lm2UylPIVWE"	
375604	14199	100	1434.0	"uxKj-HCfJkg"	
296876	12231	72	1463.0	"pyaWbYB4k64"	
364752	11134	101	1775.0	"vItW3wSEsFM"	
257215	7909	93	1629.0	"KINjT-rQEQg"	
448793	16638	115	1742.0	"jcxSkOwUhy8"	
290255	11074	61	1558.0	"6Ez8SNi94Ew"	
448103	15895	87	1380.0	"YWnk2wmdcng"	
306383	9626	59	1835.0	"YsbiwDNyPYM"	
293325	11111	48	1846.0	"NmM9pTwu61g"	
349199	14775	105	1540.0	"yflLf__c9gU"	
298457	11826	57	1447.0	"nYPTQwnSn0g"	
298938	9639	66	1470.0	"_yfhSzTEQVs"	
351675	12492	63	1495.0	"akb2K--asEA"	
322951	11924	67	1864.0	"c4PQydaHUko"	
309769	8777	74	1556.0	"C0Iu_AGQW6o"	
339288	11175	95	1687.0	"f1NJRoZ-6QA"	
391389	13124	84	1736.0	"61Ou3GvvLLU"	
297777	6466	154	2053.0	"fifLfIYyMO4"	
315156	12253	63	1607.0	"GR0A5yePs20"	
271071	7222	72	1584.0	"XlYGbr8KV50"	
400275	12471	130	1927.0	"29Q8hw4bguw"	
353942	12307	89	1779.0	"NMqDQRG4d_8"	
597304	11721	219	1604.0	"5Z_2KOdWxEM"	
605187	13920	208	1525.0	"sFyUvBAmIK8"	
353197	12758	67	1785.0	"Vg4sIUL5Nvs"	
895128	15501	430	1903.0	"1KaZXt3QKh8"	
433258	14516	123	1585.0	"cEmaKoWEjC0"	
302470	8242	61	1586.0	"3MopVN8g28Q"	
433822	14519	138	1610.0	"gVLWi_Zs_L8"	
386678	13294	107	1572.0	"nSFiBIxJ7jU"	
298035	7988	72	1792.0	"MzB_7Qc-iAY"	
389514	12741	107	1496.0	"tjwzSAOm_lE"	
390695	12498	92	1864.0	"mDb68pM3vjA"	
537694	24360	201	1667.0	"dOAyF4i4twQ"	
285116	7851	84	1401.0	"lH5Shxm5WKM"	
383938	12642	102	1148.0	"3QceCuWqBuU"	
335609	9116	126	1545.0	"Pxq1x-uIaUU"	
549552	15296	154	1558.0	"6ERbgU-ZBzM"	
422054	8537	152	1814.0	"2gYgEjszRls"	
404161	7779	122	1328.0	"W2LUWWVE1dU"	
375174	12756	91	1702.0	"bJKXAiIzeP4"	
228843	4377	52	1272.0	"Rfi7vkF2is4"	
275043	4410	75	1578.0	"p93tbSi5g2U"	
287705	7938	50	1660.0	"vBrn8kbaOZQ"	
232475	8153	91	1731.0	"Q6BcLXuuMts"	
216210	4386	59	1693.0	"kYXwJ9R-N04"	
304744	7642	90	1522.0	"BzfH132-UUc"	
342060	5639	100	1639.0	"_EzzGn7WXlQ"	
298847	4687	87	1885.0	"cfJCpWbLv_w"	
457153	15497	130	2019.0	"NN95QzWNS6k"	
296672	5723	93	1543.0	"7qXwC891MMc"	
364500	5759	123	1624.0	"a5yiYZqPqp8"	
392156	9985	96	1768.0	"8_klMhg-o8o"	
280417	5269	79	1866.0	"zxuAUvJZQp0"	
377801	12285	93	1785.0	"6MnIFGb0yv0"	
214684	4457	71	1847.0	"Q2mYJH4EqaY"	
147744	5248	197	1235.0	"dFsOSx41HnY"	
335996	8612	84	1677.0	"v04fNC9QHcU"	
246392	4573	94	1952.0	"8EJInaaDDq8"	
174692	5324	107	1240.0	"CCqQhLjQhfA"	
250452	4924	114	1940.0	"gx6UlTfUAV8"	
178656	5945	80	1233.0	"XBgbiPV3EQQ"	
274289	4974	97	1845.0	"5L975zLEiEc"	
167865	5953	98	1243.0	"0KN8QHHNRYM"	
235920	5032	82	1585.0	"5df9SjOAlzw"	
193190	6756	51	1236.0	"Bz5Z9XtPA1Q"	
405583	9768	118	1820.0	"Q-BcAB3JeGk"	
290618	6357	109	912.0	"LOS05tajKzc"	
256015	9638	118	1405.0	"vc-k2sFAUwI"	
437655	12282	138	1613.0	"bNdVdlLtHuE"	
297167	5473	101	1377.0	"Rutsw7OYb0o"	
593254	6918	183	1987.0	"gKmiCY1rf58"	
329165	8731	74	1423.0	"Nmuyo2FxF4U"	
243382	5279	85	1689.0	"4IW_BWm6014"	
273916	9665	124	1617.0	"VSqy0etXXZ4"	
282191	5677	125	1818.0	"5vUErZS8Ni0"	
212529	4982	92	1751.0	"AWiIvyWJN4w"	
450656	14539	112	2031.0	"fSjhDXjBQhY"	
223498	4741	82	1733.0	"rmCQ2yUbBtE"	
364700	9568	115	2012.0	"OHon8Kj0ySY"	
273967	5237	80	1692.0	"jjjiwD1R-7k"	
335514	9995	139	1762.0	"sBk7r9PIuSE"	
266203	5455	185	1678.0	"QR-cXLYZJQw"	
243587	5551	102	1269.0	"q5Md4GzKBqE"	
372234	9091	128	1793.0	"vXY5s3fgwiE"	
225955	5262	82	1659.0	"4SxXE5HbT6s"	
459283	10554	126	1861.0	"HKCW_5Ay-Pc"	
205974	5326	85	1461.0	"vCIbcK7Fh90"	
398630	16246	142	1718.0	"EmOCX3EhOTo"	
238275	5421	98	1843.0	"HJO_DKFpcEg"	
255457	5886	115	1855.0	"ba8Ctjk0TFI"	
428878	11523	117	1941.0	"19RBZFqe7Hg"	
358117	6954	173	1969.0	"KSt9LN0WyY8"	
328686	12297	132	1706.0	"3zoOgWNupc0"	
204843	5894	129	1206.0	"1gFVsOydvtE"	
388281	10791	93	1656.0	"OYy4ba68Np4"	
234466	5710	162	2043.0	"QZgNz6yyYVE"	
220522	5630	135	1628.0	"k9n9T4XNrIM"	
398293	11102	116	2099.0	"JSelmYYOdvw"	
234445	6239	93	1765.0	"eMUGhCqsdi0"	
280520	12756	86	967.0	"JlYGPU4D7EI"	
228060	5823	87	1563.0	"PR2urHy5ww8"	
587246	15699	152	2198.0	"XLF1es3WQBc"	
373817	10201	106	1753.0	"ZnX7c_eBRwc"	
269558	6177	149	1715.0	"JRTGqElVROk"	
364897	11697	89	1450.0	"nQawzDGM4sk"	
241338	6356	112	1272.0	"Q9oKR_t14tA"	
209381	6357	168	2227.0	"cxk0nsjSOAE"	
250278	6438	88	1519.0	"tjUjehNzxuU"	
521382	11763	159	1807.0	"VRvc9J614FY"	
257377	6485	101	1395.0	"2mDQTLC5y2o"	
291226	6723	175	2134.0	"GojTga3lcWE"	
461160	15132	153	1522.0	"uq7qFz01zWU"	
330423	7607	243	1819.0	"nsb5k0xdEzE"	
348660	7317	161	1983.0	"BOdZHQC_SvM"	
265962	6953	144	1525.0	"6bh2HszjA8g"	
522630	11720	158	1753.0	"JswYvy0zvxY"	
352222	11080	101	1418.0	"nNTNR8rDX3s"	
277350	7283	147	1444.0	"R3Vg2foaxmo"	
370555	7677	208	1673.0	"uClaOpR19mE"	
366196	7825	176	1744.0	"pHv3phv3yNA"	
330099	8411	134	1627.0	"xd9InoEZOVg"	
477191	11525	152	1139.0	"G6Smol4YYMc"	
459772	13165	123	1643.0	"Zc79QFFNQ84"	
351418	9722	179	1470.0	"EGFZeRYAYUg"	
644212	16469	277	1348.0	"9T-uN7-k-IM"	
395178	10923	132	1924.0	"GWG_CaD8NLI"	
618569	14892	225	2078.0	"jojsUe2jq7s"	
332090	12792	117	1903.0	"lwTpznqPCSQ"	
655579	14096	281	2270.0	"Q_QkbQ3ajyI"	
546983	20115	218	2136.0	"M6FJZoA85zU"	
806044	14832	331	1987.0	"xuKIZxOo4HI"	
408680	12050	142	1836.0	"TmOrPeh6f9o"	
2092426	28516	861	1786.0	"Q62m1HKQvAA"	
316401	11789	104	1484.0	"QG-txDKYIQg"	
494363	16764	156	1433.0	"QE7e0nzgDAs"	
374379	11913	112	1270.0	"knaj0uZJJjQ"	
511552	15630	136	1611.0	"JJVO1PhdR2Y"	
391420	11463	104	1358.0	"osnIIioihD0"	
358662	12652	124	1739.0	"7xWm08E_0-I"	
2147297	35723	821	3936.0	"pugpfx-Q8N4"	
406502	11088	79	1565.0	"qoqmwz-Pkwk"	
232108	8519	111	1432.0	"fQbQJKO1O5U"	
415644	15090	111	1309.0	"yXwswjnU6pU"	
376383	12886	84	1735.0	"2O-VWtXqmBw"	
241337	9296	109	1523.0	"YsI-GKt-YoU"	
229240	11589	160	1089.0	"QSDo79pXRHY"	
406520	11445	121	2023.0	"NlkK-0FALlA"	
418700	14745	73	1578.0	"eIc6RJaIc9E"	
373137	13686	168	1706.0	"zJqMoPIvOxk"	
415845	13326	105	1543.0	"N7iVqeYWrFE"	
366846	12606	101	1560.0	"x19P0OhOsTE"	
435622	14465	125	1572.0	"eRibPphCgKM"	
440056	13460	123	1662.0	"UuXSPq5lJ0Q"	
246474	17696	851	2477.0	"7h587qytNWo"	
333775	13851	91	1384.0	"77ATe-4X2gw"	
586352	18978	218	1509.0	"Ia6y3HuecaQ"	
420519	11997	80	1733.0	"Plb_I1BGXmM"	
787108	37768	821	1398.0	"1b_cKPfn9YQ"	
430623	12667	139	1369.0	"ZwB1XJDODms"	
377097	13814	91	1547.0	"D4vqKBvEGMQ"	
407098	12581	98	1413.0	"u0h1lcfEZ9o"	
457174	14238	116	1541.0	"IdvwxxvyuQY"	
439846	12661	112	1660.0	"FZywfTOB9G8"	
368950	12231	124	1638.0	"2cUMFov9NQQ"	
453727	13085	124	1799.0	"G5f38fB-eOA"	
330120	8414	133	1192.0	"zERgr15rKto"	
405943	14734	99	1444.0	"MNiSAQvkwPg"	
245450	11415	166	1381.0	"5gbgYxy-1oo"	
443214	13326	97	1494.0	"YCA6vrRBtd4"	
415265	17201	132	1482.0	"s4Mtq2vwXjY"	
457917	12767	128	1510.0	"37EvpAzndVQ"	
356956	12325	118	1737.0	"qtBRCc_CuBY"	
511604	23530	216	1832.0	"t5o2gqtSgCo"	
258546	7286	138	2025.0	"iw2_bP9f9sI"	
295865	8527	117	1846.0	"wVTisNC0JUg"	
490570	13575	96	1749.0	"uTpIcZnUBKM"	
400486	17219	159	563.0	"--rWi2QemJs"	
389506	14160	102	1402.0	"Wuu7umNaqB4"	
423231	14158	115	1893.0	"nxZioJgSdH4"	
516632	15295	164	1855.0	"Q1VPm_VAQFw"	
357330	12493	231	1876.0	"s7xC_im74CI"	
296014	9360	142	2300.0	"LDB0FcGJYSA"	
490693	14077	154	1447.0	"sFkMBzgaBOI"	
474907	15852	194	1549.0	"T3fceIoQsE4"	
458675	20188	203	1775.0	"efVqIgFNL9w"	
249759	9486	175	1798.0	"IVgjX9FDcHk"	
449969	15430	132	1625.0	"7Z-8UeaZyu4"	
505001	14876	119	2133.0	"PAKYsHutltc"	
268574	8451	111	1478.0	"WGt0NEzMY8A"	
620955	22008	463	3025.0	"0q4c62Eu_0g"	
259399	9895	144	1633.0	"-dq4DHWRVDY"	
386650	13077	127	1422.0	"idKicxZyA7w"	
512541	14892	107	1800.0	"EtfHZ3pSdcQ"	
346564	10078	143	1741.0	"E6QzaljAC7k"	
477337	14653	98	1364.0	"kChc1FK-N1s"	
496507	15010	142	1547.0	"Vfi8czqZo_0"	
544608	16628	298	1690.0	"NzQDb_SqycI"	
531399	14576	156	1637.0	"WslmfPOQ-m0"	
550060	16957	169	1429.0	"-dEg1AukMeA"	
454669	14757	212	1446.0	"uT0Mm_2IdrY"	
584778	17425	112	1676.0	"V7nv8wWnIIM"	
467231	14143	156	1653.0	"lMlgFLK0mcY"	
542960	15724	129	1734.0	"R1AVwiFFSxo"	
243028	8965	74	1305.0	"tciD_vYGl5g"	
561717	15757	142	1427.0	"XMhMcvBVAxw"	
249765	7447	107	1856.0	"5URuO3ZHSQk"	
440993	15607	108	1595.0	"FvPMaGOrJfM"	
267346	7694	78	1787.0	"LdExJPuwXII"	
588128	17673	127	1669.0	"qWCkoUafYN4"	
591753	21124	122	1598.0	"5gBjEUi3rKk"	
446333	15201	119	1293.0	"iPz_4o1dHmo"	
591588	19104	116	1576.0	"dGPdCnsw7K0"	
299640	8561	158	1331.0	"0qpONMzO6RY"	
701211	19316	144	1579.0	"JC-Mtb8E6II"	
135199	5075	111	1397.0	"DcqxxdZ4yTo"	
454176	16468	167	1468.0	"cXDdoz5JhZE"	
121681	4781	129	1493.0	"Gs5FXWQTN6o"	
741870	22351	174	1769.0	"lyJafU8aYdw"	
134721	5138	147	1663.0	"_87Vg-Xev7A"	
340503	14021	136	1989.0	"02-4C9zl6pQ"	
157849	5956	139	2100.0	"HGQFl31h92s"	
1126560	37713	289	1659.0	"0XNPVE-tJDQ"	
137182	5273	89	1436.0	"SXR1l2CIMZE"	
430824	17853	99	1330.0	"qZc_nxgsryk"	
154894	5800	145	1453.0	"ER7hImJSOYc"	
293636	11124	102	1942.0	"yMUj-T8zn4s"	
182937	6864	188	1537.0	"C3iflvDmQ-M"	
306667	9299	97	1530.0	"vavZJ9oQvZY"	
187263	7377	200	1441.0	"uDRIakgEE34"	
199045	7680	127	1335.0	"JApixCIHpgo"	
506519	23297	186	1633.0	"d1N6QiFPUtk"	
209762	7781	189	1477.0	"2LEyTwI5yEs"	
310346	10192	80	1533.0	"o_qM_dsTSK8"	
239284	8541	156	1338.0	"jAlUZ-BXf88"	
484879	15790	158	1523.0	"PiqWpF6X5EM"	
267775	9429	196	1416.0	"WDeZmLlic14"	
341748	9783	88	1245.0	"U8LYm5dc-Uo"	
480512	14532	318	2022.0	"UfVU2kjinz0"	
290142	9490	98	1494.0	"R6p2XUFBoZA"	
411323	14079	471	1864.0	"cD3v73G2zRU"	
480614	15042	115	1505.0	"u1mrUAJFOyE"	
334363	9786	95	1493.0	"LXNocbireq0"	
328732	9027	104	1291.0	"y06ttzMpcus"	
474537	15808	133	1445.0	"K0EcxCoZN50"	
313108	9763	118	1458.0	"lU-OE90Wth8"	
345670	9460	108	2034.0	"bsDa-OeJk48"	
456261	16425	131	1579.0	"zE0eyRugVEg"	
358958	9839	120	1406.0	"0UU7qu9p3RA"	
292661	8022	137	1799.0	"FC6fRKZdY_0"	
322875	9330	116	1300.0	"r2aMCRvtGA4"	
497650	14696	125	1463.0	"GjQtSU3oHsE"	
362833	10624	99	1651.0	"NAbs2N6SHeI"	
359573	10005	98	1657.0	"dpe2vY8W29o"	
509886	14820	133	1477.0	"PC23TgrlG6o"	
386417	10419	112	1580.0	"9J1k8ZASNYU"	
502143	10598	188	1987.0	"uQ4nGPd-bS0"	
491645	16495	305	1413.0	"jjJdk1rmuFs"	
264083	9226	114	698.0	"fLcnLdNvqCM"	
392282	10569	109	1518.0	"NM1Yi6W4-yQ"	
291807	9263	208	1745.0	"2jyTrqR5SVs"	
494632	14310	97	1360.0	"D2fEp1PuALg"	
326055	9183	100	1886.0	"Rmzx7A4b8wI"	
374104	9904	104	1928.0	"kR34qUlkdh0"	
470509	15970	113	1889.0	"ccNbsxeetdc"	
377290	11726	95	1918.0	"PxCapMnBtRs"	
427240	11724	133	1667.0	"XOH8DMDPJCg"	
367512	11292	94	1633.0	"sTYlh3MN73Y"	
491348	16708	125	1856.0	"qyDlgwzEO-E"	
561392	14814	120	2087.0	"GFsROLB667o"	
603612	14794	231	1752.0	"Yvy5FMebvXM"	
432837	14024	100	1429.0	"V6ticWMtSEA"	
239180	10427	239	1519.0	"SBeb7Ggmdws"	
368575	11615	81	1327.0	"bFQ7Y9C2Yp8"	
613335	16673	132	1700.0	"RHNWiq-Bd9s"	
546155	20024	155	935.0	"hBfU7w1ocYc"	
417421	13707	117	1574.0	"60tGIazFHrU"	
403416	11800	108	1581.0	"SjIJGuk135I"	
480801	14996	101	1659.0	"Ql_yPzI0UAw"	
376659	10573	90	1426.0	"fyLRbCa9ZU8"	
427775	13687	95	1254.0	"ZJPVq71HCbg"	
431850	12858	100	1559.0	"TWZFVy1pWpw"	
387472	10877	62	1660.0	"8Bxm0Yy2cmA"	
727433	19969	258	2913.0	"D9YQYeSRQ5c"	
369354	11906	84	1338.0	"teQS7G54MnY"	
440274	14812	78	1421.0	"ePlui8cooBw"	
374689	14689	81	1453.0	"UCqmvc40lcA"	
379809	11343	86	1628.0	"njeNIAl_oU8"	
400747	12029	108	1610.0	"UvuayTrMxKY"	
551891	19956	136	1256.0	"RT931wkVLlw"	
452783	13169	147	1512.0	"MRBoN3yrxD4"	
488843	11747	141	1815.0	"debdeF3JrUk"	
657659	18451	218	1536.0	"JWvU1NE0fuc"	
330269	8929	110	1623.0	"xwsy2TwQ6LA"	
565004	16866	155	1561.0	"6msajr7R9AM"	
374698	10752	86	1564.0	"FTWGkBdEiUI"	
451971	13134	99	1906.0	"bxKjlu4vnsk"	
368558	11211	94	1640.0	"HlJXJC1vuWk"	
536144	17035	115	1720.0	"bDycdAMcC1o"	
330984	9360	116	1659.0	"B9m8vXXP1Ic"	
379564	13053	100	1392.0	"SETI4hLMbVI"	
421400	11617	90	1412.0	"UcDnkF0Lnh8"	
496597	15910	87	1770.0	"9u2K7O8Et30"	
370743	12888	140	1475.0	"DG81819BTZs"	
400833	11533	101	1780.0	"wsQmMk0mZ_I"	
460381	15159	77	1741.0	"MPk_b4EpO-E"	
372313	11592	82	1701.0	"l_GCO2KRTVo"	
536185	14416	123	1671.0	"zYPCN2y5opc"	
380019	11643	96	1337.0	"N4xXiWZx5bE"	
499873	12051	144	1982.0	"Gqh5x2wkBqM"	
429553	13400	90	1738.0	"27argKfOi1c"	
481482	15442	93	1413.0	"nh9SqPytVCs"	
507669	12599	151	1654.0	"zqblBq-fUJc"	
417959	13907	184	1460.0	"ivtu0N92azg"	
434311	14199	107	2118.0	"JfZ2zcGM7DM"	
486825	14386	90	1405.0	"_pnqk105vkA"	
463553	12271	91	1829.0	"GCiv71SiMtY"	
417308	15055	347	1807.0	"VG4ZWgfPbvo"	
411254	14312	83	1619.0	"6XyOkGfn6yU"	
494103	15332	85	2004.0	"uUV1UtMmp1Y"	
482450	12896	132	1937.0	"1y4wF6q1C6M"	
365251	11265	63	1757.0	"iJ9ODPzmZUk"	
553244	14922	113	1878.0	"TzB-qcPm154"	
608491	12385	181	2069.0	"0WLs8-XF_II"	
470766	16344	103	1386.0	"fvoFOpj2xL0"	
443200	12587	99	1653.0	"Pk0eicNBdfU"	
393001	13269	90	1651.0	"8lcg7wGXeMg"	
572626	13538	148	2101.0	"MnlP6uGqksM"	
362279	10538	96	1923.0	"e0vsNxse1lY"	
558062	15793	115	1700.0	"7yOrBO98EvM"	
465870	15137	181	1456.0	"dLCcuGQsT7E"	
627656	17091	173	1755.0	"TcJ_qz0czj4"	
347711	10444	132	1656.0	"e5HzmaNHQVU"	
548157	17764	167	2025.0	"ZZpGgU2sf5U"	
1263262	29144	512	1888.0	"Uw12GbqWgSo"	
689734	21642	183	1684.0	"Xda-Ac41CT8"	
472597	12616	201	1069.0	"Oi6DiB2gSus"	
336065	10780	85	1882.0	"FeetVWkkVzk"	
617807	17848	133	1755.0	"wtoxSUl0xso"	
660172	18065	161	1837.0	"tHmlEylrO1E"	
391894	11991	115	1712.0	"JDgYQ91Phdg"	
544578	18426	141	1688.0	"J3CAFZ3H_Is"	
585071	16712	114	1978.0	"rFUDjmxS2-w"	
385361	11182	84	1487.0	"P4bcf6Ur-9w"	
472605	17264	92	1416.0	"BI1WgQyGhpg"	
513566	16191	100	1777.0	"tW1A8Q8HFys"	
389904	13521	89	1774.0	"AQRsIKqoXEc"	
459988	17892	73	1266.0	"gBShnoPuaOE"	
775575	19671	202	1582.0	"hmLSQGBXctU"	
447471	13524	101	1661.0	"DpNtD1JnC6g"	
497929	15600	97	1736.0	"Wf0SKeMBB3I"	
603790	17067	140	1914.0	"P4XZfriPaoo"	
407917	12996	123	1919.0	"PrHZqSg9DEE"	
505288	17784	83	1381.0	"YwtnVwssnNY"	
526488	16600	149	1610.0	"AM1bL033UrY"	
425837	12883	117	1864.0	"vsbGV010eD0"	
507965	18523	86	1351.0	"ZiiPmcOxDPc"	
534104	16711	97	1458.0	"xshwuWDb9lM"	
396812	12627	105	1866.0	"KnN9rkwMGeo"	
540538	19608	99	1374.0	"SUiLxKuFBOs"	
568357	17593	127	1678.0	"znNsDs2psmY"	
412395	14157	407	373.0	"_vMxBRj1RiQ"	
358334	12321	92	1640.0	"wWMS8bltgR8"	
493066	17041	146	1465.0	"qe_XaI_h050"	
676107	17473	151	1482.0	"VzDYS-bZVNw"	
398783	13106	122	1549.0	"sb4ZpKzBMRI"	
593361	15624	148	2148.0	"oyrh9if0aCE"	
519141	18073	163	1426.0	"2TMFQldMio0"	
528706	15502	123	1526.0	"dho3KHcerYs"	
420293	12964	93	1423.0	"X7ZEHTlmMVA"	
464347	14124	114	1606.0	"cWGybbdlr2c"	
631295	21529	143	1650.0	"ES4yNj5LaJY"	
371020	12093	95	1640.0	"LyAoTasq1So"	
703553	17433	204	2002.0	"_4L9yfhYC6w"	
525510	14242	118	1817.0	"EaYjtR105XQ"	
370213	13263	81	1695.0	"FVjRKdKn47k"	
490150	17280	137	2215.0	"wxdTfkPHOr0"	
436463	12960	142	1391.0	"9MdOM_j1hpI"	
413155	13251	106	1557.0	"CrzUuNbtJJc"	
374328	13553	117	1479.0	"26yk7kL4Lt4"	
346886	12682	93	1460.0	"OqBYWYCkTT4"	
520841	14658	134	1788.0	"WROCiQHOwfA"	
391963	12761	101	1886.0	"g5JiE9Ax7Lg"	
486471	14696	155	1657.0	"MjpWFCrfsLg"	
553524	15410	137	1471.0	"QsMtvZoyVKQ"	
379122	13324	94	1645.0	"l2CXyTRT5cQ"	
547177	17725	158	1707.0	"irBCLrP78Mg"	
509206	15165	107	2081.0	"RwZsBcrH9Rg"	
484282	16053	131	1793.0	"RIWfpum1Bns"	
451301	14447	129	1521.0	"nb6SKFwf5t8"	
493215	15341	167	1560.0	"tHt-tEB-hdY"	
558332	16505	142	1691.0	"xtWkQsRPWtk"	
492995	15608	137	1494.0	"KfydjqW92ik"	
440682	18515	149	1942.0	"nMFVeor-wlw"	
511837	15737	126	1601.0	"3Y_xyg-WelA"	
571841	17544	126	1424.0	"EJhPqiXwqlU"	
397388	13152	94	1455.0	"465lCak8HqY"	
503981	15905	154	1401.0	"O7zPbkpVFyU"	
480207	17609	311	893.0	"lVgjOFx6eJY"	
479269	14427	136	1617.0	"KxfzAN1sXvs"	
556431	17502	115	1963.0	"WmxFAeOMEQo"	
556802	15998	110	1608.0	"nflOxeo8Bko"	
410224	14299	114	1423.0	"CaqX3MgSXEY"	
500295	14892	162	1777.0	"4pznlGBbpWo"	
546798	16816	108	1390.0	"_zpP-K6dFJo"	
435457	15465	129	1463.0	"Ny51kj4jlh4"	
4139697	18695	354	1612.0	"ovhc2McevhE"	
618345	17359	140	1788.0	"Lol-2ZGr5Pw"	
419315	16453	123	1643.0	"msgQuI7J_P8"	
587617	17889	182	1723.0	"IEWkan9M3j4"	
378648	14438	87	1483.0	"bvu-G_zJ_6M"	
432674	14275	121	1588.0	"Rx_TKjhY97U"	
281992	10809	356	1276.0	"7VwGgSLwnmE"	
489592	14907	109	1380.0	"Yddq87pMvzw"	
272289	10339	62	1227.0	"gk8U-HvcpTk"	
391594	14125	104	1797.0	"-Z_a4EAtlgk"	
538724	15406	114	1583.0	"N6LKi5pYcYM"	
327118	10517	91	1223.0	"creeCiAGMR4"	
382599	13669	86	1682.0	"llTOyPxaeoo"	
469986	16168	132	1607.0	"nw2tNpVDeBg"	
286636	10823	43	1227.0	"gC0R2j8zSzs"	
602686	16306	222	1877.0	"CnwlogFCspo"	
339297	13346	76	1352.0	"XLXW_XxNgXg"	
398990	14105	107	1906.0	"jBXvy_fbtXQ"	
709511	20233	218	1764.0	"gps14PQT3q4"	
413459	12708	133	4207.0	"1MMbpr-YqSA"	
444179	16379	122	1645.0	"YmN8cy-8HL0"	
473519	14143	107	1607.0	"q5Jb-2uHvpw"	
368331	15162	72	1553.0	"XB_H6pz7xVQ"	
507419	15276	220	1728.0	"xk2I707SsUo"	
501390	18333	101	1784.0	"5oBqmYj2SzQ"	
1285741	41330	464	4749.0	"4TpTE3cdvjk"	
516305	18512	165	1771.0	"B1vXzmu9onk"	
411806	14498	99	1441.0	"d5EsGVRt9gU"	
431475	13358	141	2416.0	"XRri-yKHmvw"	
506261	19852	121	1654.0	"A-bXMO7WAew"	
408186	15205	91	1635.0	"OmRyzfPrI3s"	
562362	34972	195	1921.0	"SQS0ELi4eWk"	
447105	14743	108	1780.0	"DrZqAOyDDkE"	
989431	40856	511	2008.0	"mYyCMAQsW5s"	
513945	16180	139	1938.0	"lC5uQV4C51g"	
286256	9585	126	1348.0	"9Iz2D5vvp5E"	
427845	13224	146	1535.0	"4kzfDKktzOY"	
354991	13487	162	1347.0	"kyDsdpGfL2k"	
439079	14100	120	1690.0	"QYIwl1LC9U4"	
532097	16273	183	1771.0	"T7xcIlVw4HU"	
585842	15916	220	3306.0	"3n0_ohj4F4w"	
420701	12045	156	1354.0	"Ff0tQb6S8Bk"	
724020	22385	270	2468.0	"_UpD8fDnSZk"	
431632	14673	122	1530.0	"Jd_6lyzrh7E"	
384822	14744	107	1739.0	"E3m_H0J1vT4"	
448542	14872	119	1643.0	"WZhqQwbz_iM"	
458361	15277	121	1305.0	"Tus8IE3uF84"	
490658	15458	105	1274.0	"ZmTm9kCJGh4"	
472818	15390	122	1787.0	"hoc5JvNjAvk"	
470797	14827	113	1582.0	"NqF8EySZ9w4"	
545671	16227	165	2853.0	"XSffaNWRb1s"	
181652	8940	140	1525.0	"x-jEObj1EOA"	
452332	14028	98	1919.0	"_61rDjDjgTU"	
163290	7296	85	1145.0	"ity18nSz1hk"	
395780	14375	97	2105.0	"l-WGfdU8APM"	
178347	6533	71	1522.0	"GM1bvPBEVuE"	
574209	19763	163	1987.0	"xHeIYSfC5XY"	
344091	12644	122	1261.0	"zuI8F7An73w"	
199771	6762	75	1996.0	"gvB3mUtsrio"	
488050	15566	110	1679.0	"qtxtuJv6zCg"	
333664	11198	99	1237.0	"wzRYhMIb-UA"	
227600	7870	103	1915.0	"B-ehzDyeEjk"	
458768	15453	105	1521.0	"KkTEMfo_FlQ"	
380184	13719	83	1529.0	"Wm6-0pRc3xs"	
444704	12897	247	1763.0	"SlUc4qreFJg"	
534193	15354	161	2033.0	"h_IOPJYLe6U"	
147241	6350	42	1536.0	"eETwUPyKcQE"	
440037	14173	96	1391.0	"yt75NR1HGQ4"	
187803	6445	56	1265.0	"MMA8x7iSsSI"	
503425	16201	126	1945.0	"YSEFa2l1P9I"	
445834	13254	100	1795.0	"WxtUK4vcAfQ"	
149884	5667	55	1308.0	"g5Schs5RgEY"	
377181	13408	123	1548.0	"v6HCy9bvG-c"	
159652	6052	43	1344.0	"wuL1nk8DX1s"	
243687	11120	150	1814.0	"Ra4oPv8w9sM"	
502835	15667	137	2010.0	"6OwlUarfJls"	
139377	5835	38	1217.0	"zBifL9Q9Yfs"	
491252	16158	146	1726.0	"M7Hof0Qk6dQ"	
176123	6225	50	1397.0	"eGdU64STT48"	
502061	16097	106	1877.0	"ZpE1lEeCpOQ"	
184002	6433	50	1311.0	"TqtA1N6plFY"	
318989	10817	131	2015.0	"xWSWJESl9Yc"	
463530	16230	129	1763.0	"tcYJlKj-qeM"	
411092	14680	100	1416.0	"T_2KAqsNKd4"	
156019	5831	48	1300.0	"96HU0rSR088"	
485144	17956	124	1826.0	"0f9BPDHKMeA"	
167531	6411	34	1189.0	"ag-bU9wcHo0"	
471895	16464	116	1779.0	"xzSQ40LC7qo"	
147455	5747	48	1120.0	"h-Kxfz6JZ-8"	
490711	14107	143	1952.0	"U427Ec-jIeE"	
186659	6227	52	1151.0	"wdvjnwNYrxo"	
377026	13569	140	1913.0	"CfosiqM_XyI"	
203471	6983	68	1170.0	"LQVRxrdw4jQ"	
511258	22163	141	1592.0	"vRwC5Jki5W0"	
584178	16820	244	2374.0	"UQdnKTEx2Fs"	
178463	6475	52	1241.0	"MOFXqKGO2A4"	
490905	17830	130	1704.0	"o7-St2rmNF8"	
505416	18197	102	2103.0	"n8rWSckIG-4"	
539339	17215	128	1706.0	"RqWY80_fj6g"	
179336	6491	42	1219.0	"bRC4KpmVlGI"	
424481	14807	126	1679.0	"27w0ft-1GG8"	
212086	7201	70	1382.0	"NKJvX15sH-I"	
211056	6711	36	1313.0	"tVOABERKN60"	
502909	17471	131	1046.0	"3HH-twMMa9A"	
551989	17537	102	1736.0	"sGRI3ugZO_k"	
188229	6660	59	1282.0	"DfVlpjoMT-Q"	
495552	17962	125	1751.0	"BaKV-iFznMQ"	
208864	7043	57	1207.0	"aEPwHtWgQPE"	
511517	15442	105	2073.0	"wC8XntfTXeE"	
199112	7006	40	1280.0	"vTqrh5gNwZk"	
360092	13948	79	1417.0	"slr9Z0_pAGs"	
238405	7715	56	1228.0	"APe0O7xrbFE"	
342341	12287	265	505.0	"dRPTlq9gWTg"	
533959	17290	118	1675.0	"cPUMFmumY0w"	
210450	7237	40	1320.0	"lD9lP_I6t0o"	
359677	12828	73	1219.0	"vc27m4PMBz4"	
251186	4783	67	1759.0	"NHbt3eJyj0I"	
530113	17723	148	1518.0	"J6kRGHJY4FE"	
219152	7601	43	1282.0	"VikRxc9HoE4"	
354970	12537	93	1216.0	"2KbCpKAf780"	
221122	4983	80	1472.0	"-lXG87bJwgk"	
254354	8461	67	1344.0	"1cWIUdOJ8cY"	
365112	12917	89	1217.0	"mbF_6okL9Qc"	
520573	15802	112	2306.0	"l6s0LL5YUmw"	
363580	11475	93	1334.0	"aDG0kK97NH4"	
493563	17569	151	1346.0	"zYqzqCOQ3po"	
345910	14537	72	1565.0	"2dAjw6DpkxI"	
541177	18797	157	2466.0	"Gq49gTzKSD0"	
693200	24509	247	1933.0	"3i4eq_xbQkY"	
507819	16440	130	2050.0	"I1BXeLTpdtE"	
377251	14150	132	2134.0	"3Fu0NgNB4zI"	
493040	16378	126	1896.0	"xFYgFn0JUVU"	
517353	17376	125	1239.0	"3PiTvuS_ghM"	
579646	17042	168	2400.0	"tv8F_Vc5cuI"	
541555	19714	214	1768.0	"j5di_geBa_U"	
466673	15278	174	2173.0	"GOx-O3AuciY"	
459752	18775	118	1523.0	"nifBRsHMXas"	
226002	4861	56	1688.0	"SP_MLUb8Id0"	
511999	20833	170	1290.0	"M7ybuxbrU9s"	
208513	4726	58	1298.0	"VWZm37pPyNQ"	
383243	13981	104	1705.0	"0gkJ8glwjBE"	
187242	4375	46	1394.0	"TmtfA3IesHg"	
518353	15847	177	1849.0	"CfTELzA1Gnc"	
188483	4215	44	1311.0	"mvhAr_KMeH0"	
380181	15388	118	1563.0	"9uYowy-UxQM"	
184145	4380	43	1396.0	"B4KosdsbjoU"	
201373	4963	47	1266.0	"7NVLrRRU334"	
550826	17647	180	2061.0	"taDbwsst_0w"	
466417	17166	220	1599.0	"o-bIt-rDfdI"	
232101	4772	56	1407.0	"7YsThNwTyQk"	
278256	5207	94	1807.0	"0LEwYCZ-YfM"	
408066	17947	111	1849.0	"ooj4cOBSHaQ"	
197514	4996	58	1469.0	"SE_Uf0QYNQw"	
181821	5328	73	1652.0	"ZlgnFAuiEwk"	
470765	17645	178	1747.0	"2_EzumfsHac"	
191708	5050	56	1269.0	"t48yqHjLpGs"	
429259	17873	194	1600.0	"m-HAlO_0Ca0"	
198716	5195	64	1699.0	"i1C_lvYHiOE"	
466202	15821	178	2180.0	"2vmKglhloBc"	
152002	4495	55	1299.0	"bVK1RbwJ_zU"	
200263	5663	75	1997.0	"ALBZYhKn2E4"	
166982	4369	56	1593.0	"yE_XlJnX6tY"	
366330	14958	154	1514.0	"FiU0EMM8znM"	
152810	4185	82	1155.0	"VQw_W5086BM"	
489095	15500	158	1842.0	"qVLdi6gzvaU"	
165771	4335	47	1261.0	"DN-V61bqCoU"	
369521	14242	166	1941.0	"ZckBoUdwVUw"	
182288	4666	53	1746.0	"r5kMMmD6jaU"	
353557	12584	110	1341.0	"4WF0F6sEkEA"	
537438	15952	131	2282.0	"Fu4yazeFfVU"	
145638	4100	44	1469.0	"Rf7AQ3pGZ2s"	
332088	13927	149	1285.0	"OqWyiu9fq40"	
374207	15245	108	2152.0	"nrQ7jKLQAds"	
160166	4364	43	1296.0	"MMN3HlnMa1M"	
402176	16517	161	1511.0	"lE-baWIb-c8"	
172403	5149	67	2031.0	"GXReTjVKrY4"	
251587	8828	68	983.0	"R3ODIbiMq6s"	
340765	12202	102	1290.0	"OHWmdTRCXBg"	
438287	15453	166	1991.0	"Qzh4wH8K3mM"	
210510	6428	75	1775.0	"y-xOQrPG6a0"	
453817	16184	147	2095.0	"pp3o5iSHG7w"	
154137	6727	68	1083.0	"T7rsyn_OKVA"	
192650	5693	70	2088.0	"xCdS67rVkZw"	
415136	15323	175	2024.0	"P64UnZu34TY"	
182042	4704	48	1268.0	"uo5XYqOMR88"	
139839	5972	89	1234.0	"GOgj-syoHkY"	
328778	7337	100	2035.0	"NkvOG2uSgVU"	
235736	5081	72	1592.0	"WV_gFGnL23s"	
135872	5562	36	1270.0	"Rfp-aoIpDqU"	
376812	14209	145	1621.0	"9yOBfWulRmA"	
218094	6621	90	1915.0	"6c15MPJ_AGM"	
197102	4808	53	1420.0	"RXmwFmRvgjg"	
128295	5043	46	1244.0	"mrNSnaTv2Cg"	
239948	6946	108	1641.0	"w3cjGi4hBmw"	
395704	14792	174	1794.0	"ZmONw4YJsXk"	
209429	5079	72	1565.0	"Y_Wk0NMdMrY"	
133460	5361	50	1304.0	"y9cFH0SJkmQ"	
507913	11994	239	1722.0	"VXXFeeUJ52c"	
368436	15644	134	1534.0	"3J3-uCbQAss"	
128156	5402	57	1292.0	"h6MS9HdxChA"	
190197	4716	58	1980.0	"6waesrmvpQo"	
198476	5867	154	1235.0	"4AOSHjZPLXo"	
493342	15872	152	1786.0	"CmS9kTUbey8"	
224826	5332	64	1292.0	"yFx2jDxW5NU"	
378277	16287	161	1530.0	"dS46mMfhWQE"	
204769	5538	72	1334.0	"IiuHjzhSOrw"	
129534	5419	63	1247.0	"PJlkbSdks18"	
193075	9990	86	2060.0	"UQwDmapIUuw"	
235222	5898	76	1433.0	"XUjjje26PMA"	
132283	5666	47	1321.0	"4gvOIpZKo3o"	
438801	15733	181	1787.0	"QNylqmRqvqk"	
169661	5043	85	1359.0	"oXx3CMvyinQ"	
117756	5090	40	1248.0	"LMCduUdQDNI"	
348878	15184	170	1602.0	"N7b5eu8V0_4"	
183744	5240	47	2167.0	"HEC_V6w8DzY"	
120369	5185	67	1300.0	"2LVHqiXfX6Q"	
410135	15557	163	1699.0	"ys5UjfCiyA0"	
180027	5190	61	1565.0	"PX2wRe1cG1Y"	
131172	5489	161	1273.0	"Eed2SwRB5o4"	
459963	18336	194	1948.0	"Ovn-2ECFVFE"	
174674	5386	51	1576.0	"Dwdt2uRRTEg"	
134174	5718	65	1228.0	"hkpN5Tjy2yQ"	
191503	5585	79	1216.0	"2lotuSmBtnE"	
391901	15940	157	2019.0	"NBKLM2pxWwc"	
484441	16167	220	1796.0	"QjS0t5r0rQw"	
196737	6089	86	1862.0	"ElanOZfZGsQ"	
201751	6895	74	1940.0	"8vAJq9O15F4"	
657434	18420	241	2049.0	"pHLvl9eJhTc"	
211038	5640	63	1855.0	"G2AuDMnUbCc"	
147966	5818	79	1223.0	"SUPuaEpuaFw"	
409775	18147	146	1433.0	"uPzi7erplmo"	
163244	5117	52	1487.0	"EBJ0wDv4gT8"	
151205	6580	84	1433.0	"ZD21LIaKX8k"	
830487	19135	334	1797.0	"v_QqpeRbc_k"	
196325	5806	93	1940.0	"r4nHlQNF9pY"	
139430	6292	49	1305.0	"iKN1_Wr4WN8"	
646871	23156	251	2103.0	"BV3k882z6u4"	
225551	5736	91	1481.0	"KmM3ddCIsLc"	
138398	6155	53	1481.0	"H1bwpU288Gs"	
523968	16513	195	1910.0	"I3a0ux8gJxs"	
175365	5080	57	1295.0	"_HRpNr7VuZE"	
131062	5722	61	1318.0	"4obStV9C1qI"	
417283	18374	173	1325.0	"KIZT6lIk3JQ"	
231478	5554	61	1358.0	"bHAvHQ9sMo4"	
147646	5827	73	1294.0	"hx4qHMADc_w"	
417089	17164	154	1754.0	"f9vwZKiF40o"	
168588	5216	64	1198.0	"_q4KxpjyUMY"	
154441	6351	73	1255.0	"3wsLnl0I3E0"	
796150	19774	288	2197.0	"OnjiU8jij4Q"	
172495	5344	70	1386.0	"wQyQR8-nCpc"	
131558	5282	64	1197.0	"b1fRZh2GiSc"	
386773	15466	131	1209.0	"bisp6Mylris"	
193931	5317	105	1291.0	"Yp5TtlCrQ5U"	
149675	6198	64	1397.0	"sc5UxJcV0RE"	
166705	8310	79	1803.0	"ZijhV4l_TCA"	
187587	5203	73	1395.0	"0hq88k1zjMI"	
158279	6095	68	1391.0	"b0G4iTqL36o"	
739954	28842	260	2892.0	"LdlYMiX90yQ"	
216312	6106	82	1540.0	"oZLhwNZ7cdc"	
184352	6436	71	1294.0	"dZtUBxdCMaA"	
459080	17468	148	1948.0	"lmPsyKXPKdA"	
204132	5895	65	1377.0	"3KYWb7q7P50"	
126408	5207	58	1348.0	"tNcXwCeQgZ0"	
484292	18296	184	2553.0	"k-kxunoED0Q"	
215101	6134	70	1335.0	"Pa1diXhLWEQ"	
143975	5471	55	1371.0	"pWswDrjkbl0"	
358332	13973	184	1532.0	"eOgERkI3LrU"	
227396	6541	64	1560.0	"KYB0D1_NxhA"	
143306	5732	63	1332.0	"tv1XIBnh8SE"	
392613	16688	149	1433.0	"45dJ_52WmiQ"	
283764	7095	90	1360.0	"Y4Lqg0FX8bc"	
154820	5928	53	1508.0	"ounCxuzo1Os"	
420425	18886	168	1552.0	"jx5fHC8rx0g"	
293646	7501	83	1877.0	"-0FirJZodOo"	
148049	5765	62	1343.0	"8ogClkivGkA"	
502876	16389	244	1974.0	"-iZ0kI-IAVM"	
290402	7985	98	1787.0	"zfhna4Wuxdc"	
153197	6565	64	1362.0	"TSOlAG9KJyI"	
531445	13764	234	1443.0	"lGIuHbNwZRM"	
162248	6257	69	1417.0	"7EQ-GsBqI3M"	
182557	13487	166	1497.0	"TQ8mtVU0br8"	
414199	18306	151	2098.0	"iKyPftPzCxI"	
150758	5481	52	1338.0	"ex-_UWZLkEg"	
372774	14852	150	1633.0	"ESliNUzN-lQ"	
170106	6650	75	1256.0	"nGXPW2S3Sag"	
191500	7377	61	1280.0	"QN-qn1ZYcik"	
464288	18699	187	2284.0	"CAzdZzCiyJ0"	
80576	4738	67	1521.0	"ruassYQzzT0"	
496237	14816	164	1801.0	"ysL-2NuXYL4"	
191333	6901	69	1266.0	"4lsVtVn2OnY"	
420674	14827	157	1812.0	"3XtivU9fP1Q"	
490561	17024	202	1868.0	"F1LTkZMZQ50"	
178312	6647	74	1449.0	"6ANrnQlcPc8"	
239089	8346	72	1442.0	"HBL6ZE12MXo"	
375859	16601	135	1435.0	"dSZ-n2JqQ_c"	
80642	4026	105	1728.0	"9NuCCPpQLbQ"	
328816	10598	163	1269.0	"Sp2gZpGados"	
557445	16472	169	2068.0	"ZoksdsraW2I"	
383396	17588	133	1791.0	"-hKm2MEC8uc"	
79003	4225	95	1157.0	"ozvrDRBtb6w"	
421601	23475	210	1762.0	"Pq6nN4LR1as"	
495410	20160	178	2389.0	"wsnykrSo0RI"	
470388	18304	177	1827.0	"YCCI8hyb5tk"	
106766	4496	198	1452.0	"6F7v4KwZB_o"	
629245	17665	251	1980.0	"MzzaP7NS3rM"	
476681	18475	182	1396.0	"vdIUyDmXU_k"	
108932	4877	149	1399.0	"qcGHTriJ3LA"	
496327	16619	269	1736.0	"mlClrreJtT4"	
110578	5671	152	1485.0	"dI7ZzDAZ-yo"	
411179	18212	133	1651.0	"cDF9UoBRHUw"	
238954	12416	462	1711.0	"3Cw-hCd2BmI"	
432676	16848	192	1515.0	"6SaFdmTeb_o"	
493128	20319	203	1578.0	"eHKuDtZoaLY"	
479946	15792	151	1615.0	"4ZRg9-8NQVw"	
514178	17059	227	1536.0	"-u5ltSMnyaY"	
328506	11258	201	1493.0	"Nl64LKiyckw"	
162183	7419	86	1623.0	"7a6q7BJbTLI"	
513549	21119	262	1883.0	"e1vpViuVW3w"	
159118	7450	83	1320.0	"0QdASATt5M8"	
337447	16403	207	1846.0	"Etf9CJxvKeM"	
143352	7042	68	1207.0	"UmmD1btjGtA"	
364850	13895	220	1568.0	"ri2Zg96zVCU"	
128867	5955	49	1360.0	"ZHb8iiIPJa4"	
595430	21969	415	1950.0	"3IVv6EuDpOM"	
161817	6510	89	1399.0	"N6aO_7XTPvM"	
483098	21600	307	2001.0	"Nm5UoilUnl0"	
179940	7723	108	1527.0	"aOCUwbpIi5U"	
229738	11039	117	1807.0	"AArKikIkENM"	
367103	15633	329	1956.0	"MD1C21oH_hg"	
144020	5864	59	1547.0	"64IpdTC281c"	
395189	17824	210	1554.0	"Q30_joiPhEQ"	
161395	7613	84	1477.0	"fpsv9r0u9xU"	
588285	18059	362	1960.0	"vtE_umJj2Xo"	
162072	7244	78	1515.0	"9px14qf2eoo"	
484265	21273	254	1841.0	"11HK4y5yQ2E"	
149941	6685	84	1558.0	"hgaeaO1UOAE"	
570595	21215	283	1100.0	"q8KYW-Jf_rA"	
453834	18388	305	1700.0	"PIdiwmskr2g"	
178429	7768	129	1851.0	"aWtvz27p9PY"	
182337	7463	95	1518.0	"JoIEpAVRY6c"	
173597	6232	97	1414.0	"Vr_-qnjWGWo"	
451436	19475	238	2217.0	"YGXUhP4tdLk"	
185222	7692	112	1461.0	"h4ilNpJ7syM"	
238669	10866	181	3208.0	"X8fyYj33Dvk"	
526017	21478	267	1780.0	"V3uqyUoqWRE"	
163900	6577	85	1514.0	"NZ7gANB3Fq8"	
504656	19209	278	2117.0	"61AatGc6WDY"	
185948	7488	82	1456.0	"f4vWYeXe1j4"	
201048	7043	125	1841.0	"FgwQsuzbeYM"	
211648	8500	98	1544.0	"vjDd10pjk7g"	
506861	20149	230	1956.0	"FB5C3L-5SkQ"	
471252	21299	251	1765.0	"9G8HxjOqr94"	
222194	8631	89	1412.0	"3Xfcwxz1v7I"	
211013	7984	143	2329.0	"SEoUeiwNzq4"	
236947	9618	111	1107.0	"TqWEXIeoBs4"	
513589	19081	228	2206.0	"IZPLy6QvOw8"	
201744	8510	151	1818.0	"W9kRdcL16GU"	
305216	11240	146	1512.0	"0wwzCJPyBco"	
754232	45911	484	2366.0	"YSEDJ5d1ChI"	
290864	9995	181	2068.0	"tu0wdjPjGLg"	
598464	21600	299	2294.0	"ApzJjifqbuA"	
608735	25948	286	2050.0	"35IULwz3d1M"	
272513	9502	203	1658.0	"LgldfDJe-kg"	
315530	10854	189	1497.0	"9SGZEwcPQFU"	
487616	18312	268	2144.0	"IkqYwNOr06M"	
730122	21314	303	1938.0	"fALIkVXwI5Q"	
798525	20179	623	2277.0	"clXvI57npNg"	
519668	19164	235	1775.0	"lOj6S6pIERk"	
613904	20477	281	2373.0	"CCQo98Cvpp4"	
511089	18444	264	2070.0	"SCcYNMOJrao"	
1039141	22041	355	5024.0	"3Sh1igKd40s"	
349653	16364	175	2410.0	"IUGvH4b1uqA"	
374228	20551	168	1929.0	"ECAqCkcnOG8"	
344951	12201	195	1631.0	"7JnKaWlE9yI"	
467162	18082	232	2260.0	"wwME3FRhAQg"	
602950	19349	314	1596.0	"wL31j61mtJ4"	
442595	19541	382	2504.0	"-BJUawHC8Ko"	
427314	20228	263	1227.0	"iz41GYoqkPU"	
400943	16379	249	1792.0	"Slu0rYxaNxQ"	
356217	12676	216	2260.0	"dHWnRO-Neik"	
344724	15691	162	1112.0	"7XvMNbmtfZk"	
391457	14169	194	1212.0	"H9iTIhkW_2w"	
314061	12973	236	2027.0	"i-z9h_2JWkk"	
356147	13967	173	1222.0	"bMxgMLy9XAE"	
370930	12326	190	2150.0	"LHMPArD0-mY"	
554791	18790	282	2000.0	"MbNxkeqoGt0"	
307342	13869	155	1227.0	"13ZYUJICKUc"	
309791	12099	128	1215.0	"E_NV9WZ1weQ"	
333690	12139	199	1865.0	"Vih9bqIEoAk"	
334064	13301	154	1116.0	"84IEKrH1TJs"	
353358	12426	173	1996.0	"ts_XdleOQn0"	
337651	12897	130	1218.0	"o7YpFI78ZUo"	
671313	15754	392	2327.0	"ZFsZDL2Vc_E"	
404478	15443	144	1394.0	"tDW_UA6cCo8"	
310595	10922	168	2042.0	"IepgPO1_J5M"	
513807	21273	269	1774.0	"s5ISb9UMPmc"	
430969	13081	231	2766.0	"-F6ivkmvu40"	
2619764	29423	710	3681.0	"Z_khiVvoubc"	
1150442	20332	555	3788.0	"QUEKO6JTTI4"	
385512	11998	182	1702.0	"JoWRGUEE-ys"	
682884	17181	310	1882.0	"ocBbgH2xQDw"	
339674	11175	165	1530.0	"LpKPDAtaW3Q"	
381402	12127	164	1575.0	"khAHKAZ21y8"	
512754	13976	206	2310.0	"FqGpGPMLxhU"	
481502	16546	178	664.0	"8tBNP8zn6rk"	
470476	13825	235	1443.0	"TmypVfXU8xA"	
372381	12770	256	2270.0	"npDZFIL9q-4"	
312926	10428	149	1829.0	"FTGNAupPqpU"	
281102	9811	139	1987.0	"M0p1LnaY9mo"	
297183	10284	143	1828.0	"yX53J9RG7oc"	
585223	15029	298	1429.0	"QeF-GYCgEno"	
432563	11756	228	1821.0	"eUpysautuzU"	
137375	5684	55	1079.0	"Wy3HrX-ZeEs"	
73916	3533	56	649.0	"Fol7lb-NVpU"	
416703	13033	212	2065.0	"W6rdRt8tcaI"	
557675	11245	265	1829.0	"pXl66dwbTJc"	
154160	5127	63	1240.0	"DcEtB_hHcMI"	
67115	2977	46	1913.0	"ZVl0_zVdE_g"	
486478	14675	206	1667.0	"poexWrOyRt8"	
360351	13334	133	1987.0	"qj8s89PE180"	
132376	4730	60	1092.0	"YMJ2Jlm5MHE"	
64299	3617	54	2043.0	"b9KlZgA7xTc"	
366254	13149	215	1767.0	"p7BtTNbI-r8"	
146543	6014	58	1519.0	"QzxVAX0EfBI"	
70606	3389	52	1655.0	"huUB9e4690k"	
636905	16174	277	2463.0	"YICaTmuKX4A"	
161953	6239	74	1268.0	"FNuUbM4MjhA"	
74671	3642	71	2312.0	"mMIAJDBophU"	
350040	13363	175	1573.0	"23ChE9BdZ-0"	
147224	5462	53	1162.0	"nKDaGQeDpMM"	
72125	3857	48	1261.0	"-FRpLcXNGag"	
216082	6861	92	3404.0	"8NNCcG5RwwI"	
352047	12570	157	1642.0	"0KEoD0rca_I"	
528087	16041	324	2266.0	"lUI9mr2ZojI"	
138281	5170	56	1347.0	"13urHZebLhE"	
323205	9752	137	2867.0	"LLPkxIK3JoQ"	
75826	4189	66	1572.0	"JwVoIL-e8Ro"	
151915	5415	62	1494.0	"BiViRFbBRTQ"	
185742	10021	261	1583.0	"RK_Xn_rzrM4"	
435034	12390	183	2150.0	"Yy0tZO4HPLE"	
170874	6097	46	1247.0	"5fobPe7GYJc"	
680795	17667	854	2014.0	"rju8JwYufC8"	
191040	6389	86	1295.0	"zw7UkUymfgQ"	
3325861	28298	1878	1119.0	"F6PVzH5CFnE"	
410296	13545	217	2053.0	"_gS5ECxY6ag"	
258438	6574	104	1313.0	"hqaYlNBcpAw"	
636994	15750	395	2068.0	"3EOsOjtC12A"	
178817	5980	63	1239.0	"-SwkRb1cWdw"	
367339	9410	158	1976.0	"zKPXIYq7m2k"	
348186	10023	139	1846.0	"v2pnSY9ukK0"	
441650	10947	226	1733.0	"Et00MzTNyt8"	
195829	5877	83	1179.0	"TYukF4kQ3J0"	
815555	11465	318	905.0	"8Iy8TQKo1Fs"	
304763	11461	126	1880.0	"0GCQ9iPXEoA"	
285381	7394	112	1327.0	"g8u6PSxQRPE"	
1213779	19200	701	1937.0	"Ek1TqtEUG2Y"	
293065	10333	95	1839.0	"T4ucTh_eKR8"	
216910	6594	77	1282.0	"bCeD-_hOzu4"	
314088	10852	115	1833.0	"asuKLgA5zv8"	
225255	6755	73	1155.0	"kFG_vOUyg1o"	
439042	11661	159	1739.0	"7sQBuPI3btU"	
305956	11286	127	1838.0	"h_wc2AyakWQ"	
218707	7235	83	1118.0	"k18ESgiSaUU"	
377886	12845	155	1906.0	"i3V8Sr5Z2V0"	
299531	11072	104	1840.0	"wjNyuN5wt-w"	
334464	10542	135	1305.0	"HWBJ5Y22z98"	
428486	11565	218	1897.0	"R6eUWJerCNk"	
308465	11403	128	1844.0	"xzhFDl-XAiY"	
466279	11375	146	1215.0	"ccWMDmuPGRE"	
472514	15191	170	2152.0	"KcHsE6ssiz8"	
702387	16676	226	565.0	"QHmKsHrtHYw"	
303727	11156	182	1280.0	"FeD4k_fQEe0"	
459726	12740	244	1659.0	"fcbaDMXvXuI"	
284929	9465	125	1732.0	"DPszibdfO48"	
384202	11584	236	1487.0	"y8KdG1A_pUQ"	
842132	10796	368	4746.0	"KAId2ngCJXs"	
412788	12550	160	1491.0	"YlFOwLmcD80"	
475350	12637	225	1822.0	"36QbdkwBEYE"	
362155	11821	182	1944.0	"3WmqJbBmZh4"	
382106	10783	182	1887.0	"byT9efvrlQc"	
386519	9174	189	2623.0	"DfrKZDjW4PU"	
357482	11309	133	1451.0	"-SibWoEINC0"	
316049	9455	128	1823.0	"Ml3uhfzOlN0"	
321527	9770	115	1311.0	"bidyLZMiCIY"	
435478	11676	166	2100.0	"8cgdQiqsnik"	
338261	7164	108	1869.0	"L8HHrijSwRg"	
378046	11353	144	1495.0	"lttG-3fclEM"	
443721	12782	179	1489.0	"Kt3vxSuWLmI"	
335964	9966	172	1458.0	"VMURvD1VYFg"	
439317	11264	165	1843.0	"kU02AQbOaAc"	
443024	12057	198	1602.0	"k8B83WLxF80"	
314386	10741	198	2549.0	"45DshFw5Tp4"	
316782	7827	150	1661.0	"A_Rkovf6M-A"	
559144	12407	225	1789.0	"2aUBml6Gb6w"	
443563	9904	176	1724.0	"jN-9BI2GHdU"	
278558	5743	129	2830.0	"w6xZRRuIW8A"	
281291	6929	97	1611.0	"_PzociBprCk"	
376863	10400	151	1616.0	"WmO-YubAVrU"	
361525	9667	140	1634.0	"mPIGFZkeoXk"	
464402	11292	213	1593.0	"kipHdrz9m6s"	
184672	5504	117	2191.0	"uEa8eq2HgDw"	
587062	12682	248	1442.0	"bNg56ErDRYs"	
361516	10227	104	1690.0	"mopL3RRn5qk"	
292062	7139	96	1260.0	"-Sy0IVHHq84"	
500703	9824	145	1761.0	"26gVvz-vJMI"	
408738	9442	138	1419.0	"e3abk3nJeQo"	
498332	11612	226	1784.0	"AaJgAjMjx8w"	
683310	12643	311	1541.0	"BYgCOGO0qtc"	
437080	12409	194	1332.0	"LNGDL6qB8vQ"	
368499	11020	110	2224.0	"yvbyahNiTBM"	
620605	13493	299	1242.0	"n1repXw-8Ho"	
525162	12418	184	2250.0	"9dT5fef5d8g"	
251329	7712	95	2041.0	"cCvpLsLg3qY"	
557379	13479	208	1829.0	"OPnxMMt8hMg"	
543123	14022	232	1665.0	"i7yuwM-p8hQ"	
611906	12517	187	1569.0	"0gGBeOb-Yrk"	
566079	12259	187	3322.0	"YbuWmY0p6a4"	
453604	13390	173	1968.0	"2ut1NcdyJZY"	
695566	12111	231	1904.0	"wQWygif5dck"	
178614	4728	66	1625.0	"pOJhfD4V1k0"	
468914	9546	158	1584.0	"n-ytMhv9kJM"	
574067	12955	335	2474.0	"7zWpYpDpZ8g"	
490282	12648	148	1696.0	"rq_g7vE7g2U"	
371610	9211	145	1188.0	"1GqzCYOeVTc"	
250349	5597	108	1866.0	"5DgB6QjTLhY"	
424039	11981	163	1784.0	"ca3JMAYQ7N0"	
675159	13774	322	1730.0	"xAHLwoZBk48"	
834530	13721	177	990.0	"bYwzd62cLSw"	
571855	13713	205	1678.0	"QvwJkboPAkw"	
191394	5798	65	547.0	"JBiKY6yk3gE"	
160837	5748	90	1381.0	"t4pNk--onl4"	
487841	12034	145	1977.0	"jpw4AYSnr20"	
404842	11269	169	1692.0	"4yjiNJFe39Q"	
416506	13200	196	1511.0	"iauecW2hUvM"	
650330	14036	206	1723.0	"LbrQDpalWiQ"	
527425	11439	188	2342.0	"aV10Ahkdx9o"	
508930	12246	191	2398.0	"fCokom4JeeQ"	
469115	12106	152	1966.0	"7ql3OcgSLtE"	
478213	11018	226	1868.0	"5hpQxiEx0yU"	
326382	9183	118	1450.0	"tWcA00UfDaQ"	
526488	13537	202	1423.0	"cO08l-VqhA8"	
484628	10298	195	2213.0	"L0l6Jkbenh0"	
491779	11673	152	1992.0	"1tt3FBOS6Ow"	
326768	9191	135	1469.0	"58ttL2eDnfU"	
625162	11978	229	2107.0	"SjKDHz08Ujg"	
666690	12183	449	1888.0	"wBbvWU1igGI"	
446384	9321	158	3798.0	"-_3nI8wh-9M"	
669592	12214	202	1976.0	"sJVS-ob6rBQ"	
325694	9613	126	2220.0	"7C2RdlvBDYo"	
482817	10711	167	1616.0	"BOoKE14uL_Q"	
615367	10610	253	2339.0	"mcY4SS6NY34"	
146890	5224	57	1901.0	"us7SN_wOAA4"	
337390	8912	118	1932.0	"g36o8bC8fW4"	
397153	19321	229	2422.0	"7N3uuKwyCl8"	
271164	7247	139	2228.0	"tyfiYi-5T8s"	
257048	5346	94	1536.0	"WHTkAestDCQ"	
482269	10801	166	1795.0	"5ZapuBX9FVM"	
203526	4521	61	1557.0	"Ue8WalEUDiA"	
433871	10888	129	1331.0	"Hc2Sd72q2uk"	
117220	3889	40	1804.0	"Z_xSgeREDWU"	
478047	10864	141	2090.0	"rGfNgCTP9h4"	
172722	4264	59	1687.0	"4JmruCs-ERw"	
386983	10753	122	1998.0	"7yce4wX810U"	
181716	4639	52	1597.0	"NBR307I2LW0"	
468195	11097	150	1976.0	"YyuvVkEasxs"	
117271	4107	37	1654.0	"G0uHD-ARDW4"	
336650	9575	118	2405.0	"HFvof7zYMTM"	
166534	4991	56	1545.0	"uj80Z5QAUw8"	
491562	12228	162	1706.0	"e7CkUTEgl6U"	
192069	5418	75	1491.0	"J8eOKkTJeBA"	
383011	11364	157	1470.0	"HDN5W6Z-Dz0"	
548480	11544	231	1802.0	"Rxgf2s-QJYA"	
181725	6305	91	1528.0	"h8gX3yFDRDY"	
102643	4295	51	1887.0	"pu_kiRi0sJs"	
577302	13155	195	1692.0	"u8v2IsQFLH4"	
203054	6326	61	2028.0	"Wj1_q-05xaQ"	
295356	10074	102	1808.0	"1qcxJClC99w"	
240946	6722	80	1558.0	"JWx46nftXcE"	
111375	4483	47	1616.0	"QzXDcsf32Us"	
1335115	23680	524	2280.0	"n6KizkWGuJo"	
432778	9063	112	2269.0	"6HFyX7HGju8"	
210040	6641	51	1540.0	"HYexcmzZjlY"	
319476	9407	81	1605.0	"WgEUS2mV-Z4"	
276946	7885	108	1524.0	"qBjkHEgmXT4"	
175507	5262	85	1394.0	"Io668pODsEA"	
275017	8040	97	1575.0	"pzgM6JMI8wI"	
116949	4004	52	1698.0	"KWAXZf12lxE"	
609271	12332	192	1709.0	"bw4UwUnAFLk"	
328667	8899	105	1515.0	"cCKM9gWvnWo"	
124208	4260	29	1380.0	"EO-WwACrHhg"	
567342	10735	199	1783.0	"R9g3bdRECVw"	
386775	11169	160	1552.0	"L4lZ3gWHjDk"	
127954	4020	33	1507.0	"_oTzauOdDp0"	
435139	11180	142	1441.0	"e2AXkPgyquU"	
1220873	18148	450	1594.0	"MsWm_gWyk4s"	
141262	4513	53	1726.0	"Hp1du1DAiAQ"	
605226	11253	121	1918.0	"XJizEU1Xnyg"	
608517	11180	170	1362.0	"vTVAq3Gkpf0"	
132222	3627	57	1564.0	"gkZX56W1R4k"	
417699	9950	106	1595.0	"gZ-1alfRgYE"	
115568	3762	48	1413.0	"DsMkACvsNLw"	
191814	4869	78	2276.0	"THM1l0wiY7Y"	
413698	8210	177	1782.0	"wh7n7sHhV5Y"	
431598	10126	130	1911.0	"FrvYYM9Bm24"	
162289	4450	73	1612.0	"xsAMTpMhvxY"	
133040	3862	48	1975.0	"ptmVY40lIGw"	
353186	10331	85	1521.0	"ooQC051X1Fs"	
423717	9015	85	1337.0	"OlyZufO5z0U"	
135813	4251	32	1577.0	"vxStedf8iyo"	
366052	10843	75	1793.0	"qenOJ0ElifQ"	
126890	4056	35	1457.0	"78XU6SWAZiY"	
411778	10246	121	1527.0	"vjb64ZaAuPA"	
374420	9694	85	1860.0	"6TXb0ZVwZOk"	
127078	4134	36	1710.0	"_g_vxYcl8_s"	
416314	9095	95	1691.0	"8yWpa4wT8Yo"	
120323	3594	22	1659.0	"F_isoqEwvTI"	
286487	7768	76	845.0	"wkWzHUdKDyU"	
197568	4870	78	1379.0	"RjfM52ywrxM"	
127094	3819	43	1369.0	"4jYJnZcFmPc"	
442170	10100	127	1885.0	"VQXHXLqLens"	
122939	3846	23	1229.0	"PRMCm7IWOlk"	
446980	10210	112	1342.0	"SjOtHGT2y7k"	
177045	3622	73	1923.0	"Lwnab1JwemI"	
128934	3668	53	1563.0	"8Eg1aMqqYZU"	
494908	14590	161	2513.0	"VCVRdup3gaY"	
193577	5832	74	1569.0	"C_DExBP9iEo"	
160404	4154	73	1371.0	"9F3-vXn8iLM"	
373132	10049	91	1598.0	"OzWKVbIfFDI"	
401546	9795	92	1276.0	"LmXu-K7_l18"	
158851	4521	48	1371.0	"uF9nd8qEq8s"	
766960	10928	237	1685.0	"LokPA3JwAg0"	
200064	5494	65	1198.0	"v_ulHZ5u3Ew"	
148991	4085	46	1543.0	"B-fju4thT7U"	
344891	9425	94	1231.0	"4hf2AWumO7w"	
152575	4284	33	1582.0	"7vhFpEIkiJw"	
468965	23785	199	1654.0	"xJ_mgw5D9gM"	
192835	3522	46	1328.0	"B6q7XEb_rXo"	
261907	9034	98	1535.0	"-U-ySmvFSE0"	
142982	3866	50	1746.0	"fF1WS7aTKTU"	
446491	9148	139	1880.0	"sNB0lCafkvY"	
145818	2860	82	3920.0	"Xwvb0LrPVbQ"	
161024	4121	52	1815.0	"S9eYH0esFyM"	
363911	8628	84	1734.0	"hXK04GNhcKw"	
164634	4239	49	1592.0	"zJxL8HtEUlg"	
587649	10978	205	1837.0	"J0R6VjeV0o0"	
239142	5982	62	1421.0	"XPLlGKT3qyw"	
240800	3598	79	1544.0	"2toLaCZT4Fs"	
133131	4372	48	1231.0	"OtTI0ulDgXo"	
399243	8964	89	1912.0	"t_a2T8kMj2U"	
544767	9877	154	2062.0	"_AHiRh1YqdI"	
127478	3531	33	1472.0	"xkgSxFlh9nI"	
399529	9294	132	1890.0	"bm3VtgiZkss"	
120580	3591	37	1615.0	"nboTFkNFqGA"	
367042	8595	89	1504.0	"3fvYEhSgUSY"	
94684	3243	20	1850.0	"uuwsyqp-wwk"	
398917	10071	137	1177.0	"a_7kG1phEK4"	
151859	3834	53	1581.0	"Vc46CmdE9Rk"	
191578	4639	58	1473.0	"dMSiTjLl7Zo"	
82467	2414	40	1233.0	"IMTrSngNgXg"	
378064	7427	110	1359.0	"cCRp5UETHWQ"	
407839	8259	101	1576.0	"ke9qpS3Oelw"	
123565	3416	39	1556.0	"DoWzsi76LSo"	
92860	2461	40	1315.0	"E5MtAcdSEC0"	
686786	9658	177	2404.0	"-ym5hXOf_PA"	
117109	3554	37	1432.0	"mX-vKDqzoEE"	
95102	2558	42	1343.0	"xOt4HsrEc0k"	
408521	9308	118	1672.0	"LgIZT2EkTy4"	
116169	3689	46	1497.0	"SQbbF45v3-g"	
134744	2763	58	2022.0	"p94fvSO7lfM"	
79547	2379	27	1284.0	"U8Yp2RkMRTw"	
340406	8214	113	2271.0	"15Sv7PCajf4"	
128433	3643	48	1476.0	"uBkI6z7pV1I"	
93374	2470	30	1225.0	"VF4g1G6dvpA"	
394834	9069	115	1434.0	"Ko5RbJTNr2s"	
116551	3439	32	1533.0	"ZvuABjpP8K4"	
158146	3169	63	1438.0	"_rSZNW8weaM"	
85947	2501	26	1518.0	"P1FEXjvuU0o"	
451267	9030	146	1400.0	"SGpK4i0qd1Y"	
108155	3369	26	1421.0	"xpgzM_lCraU"	
139924	3011	61	1063.0	"45nAJ5hiasg"	
72429	2128	35	1512.0	"Dy0CaCwKoHw"	
277785	9782	107	1377.0	"ukkrgIvS3W8"	
136345	3630	43	2407.0	"nbVTuwR2xo8"	
109856	2634	34	1695.0	"Mo-vQmSkoCU"	
623467	10315	148	1664.0	"fNCeUvilpfg"	
145843	3598	39	1816.0	"ZWyi08tk_Xw"	
251257	4034	91	1372.0	"50y4lEPIPNg"	
85967	2428	40	2517.0	"8FS9vrtJY7k"	
372476	7551	91	1649.0	"JcObNv4xS-0"	
165501	4193	40	1802.0	"NuHYV6qv-Gg"	
87449	2294	19	1484.0	"vN-jTgcxcjI"	
304468	7373	87	1424.0	"_eHA77ADt70"	
210046	4958	61	1619.0	"G7ebWghsltQ"	
84881	2273	22	1433.0	"cGwG0NKntbQ"	
449636	8827	108	1675.0	"TYVREXmqeCE"	
402513	8098	120	1327.0	"o8CxAzQP8JI"	
96142	2384	34	1262.0	"rtfQxShZaiI"	
284589	3939	96	3530.0	"kL-m1mP1Fd0"	
488768	9175	135	1939.0	"kz2Jj3_Yb4c"	
86251	2052	25	1243.0	"9c_AHhvnDd4"	
691633	10420	224	1946.0	"dzFEu0yib74"	
93262	2242	50	1327.0	"aXtRf6srfE4"	
363311	7567	120	1029.0	"5ItgWLOyDD4"	
114258	2665	28	1512.0	"bEhqqAO7-rE"	
538748	9430	111	1764.0	"8b6OA8FxjPs"	
596249	9700	177	1541.0	"lkcym4RBY3c"	
102338	2507	29	1712.0	"dWN95fBt0sY"	
440672	9168	102	1724.0	"0NjR3WuqBUE"	
111882	2443	26	1976.0	"_QhqbbmP4uc"	
289395	5618	104	2520.0	"JOccs5c3QhM"	
660997	9879	131	1594.0	"m4xSeoNutdc"	
112956	3108	34	1343.0	"tD-aN8wVYKI"	
500910	7224	176	1729.0	"uwpx3v0TcUQ"	
123014	2637	38	1521.0	"-7HJ39ac4jw"	
366891	8314	94	2291.0	"NyA5E7Sdc3k"	
565389	10165	138	2055.0	"7IYfPyBuEaQ"	
145571	2406	33	1383.0	"deqfqFgGKkE"	
391574	11299	120	2258.0	"rfu1QS1Nhoc"	
451632	8247	91	1487.0	"ip-F0P8b3Uk"	
118795	2730	42	1510.0	"tLiiz9qP7oo"	
315265	7170	91	1732.0	"NJCiCP01m1k"	
354037	7610	89	1347.0	"57LfKnm8mBg"	
102600	2310	48	1201.0	"J6Vtta97BdE"	
714585	6223	231	2333.0	"wI2FPUzr-8w"	
257913	6092	48	1832.0	"8zMdqUlMj2E"	
449641	8323	88	1897.0	"Jk3rqme4hpM"	
708443	2408	143	1510.0	"azFQhrA4zIA"	
733272	6778	209	2082.0	"mAb8dbVCals"	
249583	6074	52	1829.0	"Qg-ozmxfY1I"	
292490	6277	56	1720.0	"RbljPd-3MKY"	
116237	2428	52	1347.0	"0mxsG4f2oow"	
2195032	13497	727	1134.0	"Apo-RHg6UVA"	
381719	8097	77	1930.0	"vvn4lmV9i4I"	
770778	8989	203	2394.0	"HSeYERESoKc"	
119146	2640	41	1998.0	"cgvDQDp_gys"	
119830	2366	34	1707.0	"kj6RU3IzGD8"	
329036	7065	88	2052.0	"4e7ktAxtcys"	
130047	2560	35	1410.0	"etHW6ocSZJ0"	
448634	9928	132	1214.0	"KN_l7RRC1Uc"	
1460525	17728	392	892.0	"3S5x3qxl8s8"	
115537	2721	42	1259.0	"SLKANRhKGWs"	
455023	8840	105	1882.0	"lXQX_a6Ii08"	
135599	2768	35	2329.0	"6XZOuFJzRwk"	
131695	2644	31	1422.0	"5zFZq4-9Hl8"	
410587	8321	74	1073.0	"Ks_lw1-InzQ"	
106702	2430	36	1323.0	"piu6etffzyg"	
290318	6524	55	1332.0	"6idfjYNGLbs"	
672085	10276	165	2792.0	"j4fpFohSEJg"	
120513	2547	41	1579.0	"DMfGg7X4C68"	
2438140	31312	937	2617.0	"Ut69ytsXZKM"	
142677	2947	44	1810.0	"LHvj1wGVeAQ"	
451884	7869	109	2802.0	"4jzUE0Hlelw"	
129170	2802	36	1582.0	"BOI95tYTuFw"	
281503	6871	91	1611.0	"TAJDxcC3GCA"	
154649	3004	36	1514.0	"f4oJrRF2fW0"	
343017	7752	75	1877.0	"tRtHLO_nK4A"	
300060	4968	78	1570.0	"njw83bvCe-c"	
263191	6161	39	1504.0	"L1xpNkBLHTI"	
342396	9561	116	2445.0	"mgxPL3tryX4"	
289265	6136	66	1462.0	"dPFsZNmnCIQ"	
233734	5591	29	1324.0	"wZAGyqFRtpA"	
311580	7310	102	1920.0	"FNoA51s4bPk"	
214243	4829	45	2022.0	"ZebJ2PE1ztg"	
275145	5968	63	1744.0	"HtIGYbDK92g"	
305546	7823	78	1736.0	"9MNZbulxggw"	
212669	4274	121	1499.0	"HNfPs6FQ8ow"	
467164	6553	89	1612.0	"9fEzNNaKDIE"	
323245	6117	104	1758.0	"c4SgitDGTLM"	
393238	6517	101	1596.0	"QiZDLpe9kTQ"	
377640	6464	83	971.0	"SGJ7kOCqCjk"	
360650	6566	79	1630.0	"9xdgEzD6DVo"	
254367	5090	55	1718.0	"NWX-7hVpybg"	
276970	5874	41	1122.0	"PO-iNaRB5x0"	
297805	4993	54	1699.0	"iLN9D1aPR5o"	
323661	7157	64	1732.0	"ZrgvctIjDmY"	
468045	10266	90	1410.0	"yEpAW-5OPS8"	
342709	6503	51	1466.0	"dCvI8mvZNVs"	
141673	3775	29	1525.0	"2W4IfCCBsQo"	
268760	6091	46	1776.0	"HPJfZ-Nm_YA"	
313192	5209	54	1933.0	"2zW1Vty9DRA"	
123825	2065	31	1433.0	"VXv9-ZygDyk"	
294795	5623	66	1752.0	"sAkgxz4XFE8"	
483726	4703	133	1394.0	"GNP001ljDEA"	
161919	2303	32	1738.0	"_wlj1K0xgdA"	
335919	5146	82	1884.0	"dYpA2BCxVrE"	
346844	6277	69	1784.0	"MyzGaDQwv04"	
149398	2309	33	1423.0	"3IysRcFfcTk"	
315378	5308	53	1553.0	"gArlaWHsD4E"	
442762	3327	127	1777.0	"w2RWTzqE6YA"	
286709	5257	35	752.0	"PgRS1ec6Dwc"	
340137	6066	64	1647.0	"HN4fSpLpagM"	
107242	2174	25	1487.0	"CYbnvaI-jOg"	
250878	4856	37	1767.0	"YqxG8WHpeMI"	
91793	2180	17	1889.0	"LPnmY8V4T-k"	
314493	6208	66	1600.0	"LiJDhHqWXmU"	
139982	2440	29	1573.0	"AKKsgjtm_qo"	
152000	2421	31	1703.0	"hoMi-52Gnvc"	
374489	5876	85	2237.0	"MD6g17XsLXE"	
426951	7653	108	1461.0	"kArc9v6JHSg"	
119304	2307	24	1946.0	"bIh_l61twZU"	
257760	4621	49	1538.0	"A9wowTAKTAc"	
164124	3097	38	2213.0	"D1od_4ncMjU"	
306546	6257	48	1550.0	"jRhPThubcIE"	
137827	2334	28	1531.0	"n3STIg5TGl8"	
381352	6616	89	1982.0	"zuSfarr8PvQ"	
2238171	16604	738	1088.0	"wxB-MdsjaSY"	
123747	2377	26	1638.0	"cmKp8RYF73A"	
626391	12642	147	3629.0	"smbAyWu_VMs"	
138042	2898	29	1728.0	"I3RCIreRarA"	
265684	4510	54	1573.0	"n8Hpi1qJXH8"	
124361	2346	24	1562.0	"iBGj91mo4MU"	
320396	6253	106	1949.0	"6V74bO1A_X4"	
131123	2305	24	1983.0	"NP1SdVIuLxU"	
349209	5378	71	1526.0	"f1xmHWg7XYI"	
140462	2606	32	1759.0	"7hFcGcWyArM"	
222426	5124	103	2055.0	"q-x0pMNy7WA"	
302531	6587	64	1487.0	"ipNjqrwCGg8"	
143941	2671	27	1730.0	"Kti28zMufy4"	
166852	3290	28	1719.0	"fvSev9t04Lc"	
159329	2579	24	1471.0	"wVPhxnCGtkE"	
170586	3274	31	1842.0	"hksI25SvI8w"	
335634	6694	163	2106.0	"Xn6RbDL5bBE"	
202809	2865	35	1647.0	"mftWSxL_3j8"	
240387	4286	40	1942.0	"gH3oLH1-9kc"	
391922	4842	90	1672.0	"7p8XHQn2Ou4"	
306036	6183	61	1761.0	"8v21Be0tz4g"	
353753	6989	57	1803.0	"OLv7dfr0sEo"	
250539	4673	84	1624.0	"4SvWxNRhcvY"	
344281	5970	71	1504.0	"DE_zMTJg_9w"	
236309	4483	28	1997.0	"k3sSOa2d5UU"	
284851	6521	80	1727.0	"FkEyeEEldP8"	
231469	4435	93	1832.0	"RhJmv2pAVcs"	
284003	5463	41	1516.0	"De0CQ0lktRo"	
756426	9305	151	3174.0	"nm-Qio1Eug0"	
197055	3608	35	1712.0	"oCIfeIB8Alg"	
487265	6616	123	1667.0	"fvO0ISuNM2o"	
204917	3590	30	1831.0	"DGbWhm-V_Rc"	
288037	5490	49	1694.0	"5RrnqnAOD1Y"	
210309	3401	33	1830.0	"bXQQcl6tDJ8"	
277917	3895	47	1663.0	"8u5LaLOMB70"	
242483	4266	25	1394.0	"4KdzfozzEZs"	
330636	5082	54	1372.0	"iToTo6e3eT8"	
1421330	7756	374	5250.0	"bHB5GKTi8VQ"	
390605	5839	108	1424.0	"NVR23wiTgdw"	
1725585	10716	440	4490.0	"aA0q_QspkIA"	
184051	2958	34	2671.0	"o9d_jws7TUw"	
435662	6427	88	1658.0	"4YpvMzpD1lM"	
145158	2574	23	1841.0	"vcro8RWjAMk"	
218947	3382	59	3368.0	"suZi8h4ka7Q"	
172716	3058	34	2142.0	"QItmbm6xq6k"	
393661	6314	63	1745.0	"mBuaFZxDjwI"	
284411	6123	44	2073.0	"K2h3_mLoAPk"	
262944	3939	35	1858.0	"cztqIw14WOM"	
485439	7812	108	1389.0	"8vUJI3XwE1U"	
376699	5799	67	2326.0	"EsL8C8pHJH4"	
343737	4533	69	1350.0	"rJHH37KIoy8"	
478619	7913	144	1458.0	"wHtjse1kpZk"	
154938	2465	34	2151.0	"qWAqViXGWbU"	
451032	6597	81	1655.0	"ajZw7wNf8dM"	
172500	3465	25	2571.0	"XA_H_0nlCSo"	
321086	5489	72	1657.0	"srqZOfz6xSI"	
555583	6489	124	2478.0	"Nl0VJTDbKNw"	
83372	2190	20	1723.0	"MPbswOJdTrg"	
320627	5313	101	1540.0	"Ifn6lKvJhPs"	
79895	1498	15	1665.0	"QwZeh_51BIg"	
391547	6863	116	1771.0	"3ZpH48Ap9D0"	
82289	1541	15	1716.0	"T6xffN__KQk"	
321032	8825	142	1289.0	"gptt7Lp9QCo"	
120592	2221	45	1742.0	"3oVytrnlRqY"	
251454	3835	65	1217.0	"S6ToFQGsLPA"	
288812	5596	59	1436.0	"nprsSpFVUjo"	
233664	3876	31	1715.0	"J1VGlDLiJA4"	
487945	6543	140	1908.0	"bTVx4ZO-Wtg"	
617667	5456	66	1582.0	"7J5MJKyUKzE"	
299857	5085	51	1580.0	"MOvXWlidQF4"	
139968	2295	32	3317.0	"dAV2ES49iTw"	
282819	4506	77	1485.0	"hDLZvCIotEs"	
501599	5107	125	1447.0	"DtsUbejxt7M"	
454207	5018	67	1592.0	"TMGrD9MR8QU"	
1649643	14962	545	3377.0	"2xam9BvP9bM"	
389797	5786	86	1917.0	"Jm_tGP7Xd3M"	
171207	2572	22	909.0	"4zkwqMLcp-k"	
111955	2027	30	2269.0	"XN1_y-qqN6c"	
496413	6644	107	3246.0	"Rg7VcKj0O-8"	
352966	4653	54	1572.0	"6ig_kkKuDV8"	
85916	1392	24	2145.0	"odU7MBWyk2w"	
306163	4333	54	1356.0	"PJYs-ynj2vs"	
351398	4873	54	1752.0	"Sh8TQtYri1k"	
390856	5005	66	1720.0	"8_KdAa4geGY"	
92965	1402	22	1627.0	"dZh6vK_pjK0"	
251628	3981	48	1035.0	"g56acrJk2to"	
103825	1486	26	1612.0	"K-NcedaUksQ"	
505626	6058	100	1658.0	"3YYG6q8ZK7s"	
90678	1547	20	1479.0	"Mgd17Ef7oi8"	
568557	6255	107	1869.0	"wSCutiy1hi4"	
96780	1962	13	1934.0	"ApqFkebqLvQ"	
1424471	9240	406	1564.0	"AHtReA43AEQ"	
105068	1846	13	2032.0	"DXVOrDZDxCA"	
628606	7620	179	1997.0	"v9jA7CJ_KxI"	
101322	1548	13	1516.0	"DcCRo3DuoC8"	
3075377	18680	963	2942.0	"sEH-CvmxHpY"	
99244	1857	20	1255.0	"zaNgG9mRdyw"	
104423	1756	24	1494.0	"lVJRjs4_TXU"	
287995	4872	58	1579.0	"NZPJCcN11OE"	
118881	1662	21	1604.0	"YUvjYdLHj_A"	
151600	4273	34	3122.0	"-jC7DGR4Ix4"	
101840	1567	22	1427.0	"HzDiDxBY-s4"	
259149	4228	67	1421.0	"XMj9G26u9co"	
93480	1576	15	1353.0	"gYHO-5tT_L4"	
81080	1681	21	1778.0	"QiaIrNTncr4"	
111449	1691	23	2149.0	"2SdCdkrlQzw"	
373592	5694	66	1763.0	"I20-117IsFs"	
122516	1660	18	1503.0	"fL5lbAayKiM"	
588290	5679	108	2019.0	"v2143Nr_MYs"	
113417	1652	25	1408.0	"uu8p4yUcfU8"	
478163	5901	66	1854.0	"7synvCTaZkM"	
110975	1597	19	1356.0	"pX89xEqGZIo"	
82105	1934	21	1539.0	"3m2-R-JDJJI"	
133749	1892	26	1664.0	"eYb8TTwGwlQ"	
352862	5294	71	1303.0	"0nM5qNbkYdo"	
151486	2495	39	972.0	"w5HGVeENgIs"	
126870	1899	35	1423.0	"ZC-oh0gjUjU"	
306176	5365	62	1640.0	"bCMY6aUeTks"	
88777	1734	14	1704.0	"Xxq_t2U7Srg"	
147931	2092	34	2099.0	"tza3ZDnHPmc"	
729450	12999	166	3804.0	"3f2tL3KTVYo"	
164017	2241	32	1367.0	"pYsRY48Lbbg"	
92007	1654	21	1797.0	"LaSAA1ZL_Uk"	
231822	3128	78	1350.0	"KwasHEZI610"	
301395	5238	52	1656.0	"aR6d46caXSA"	
91755	1677	16	1960.0	"bxMtSD_Lvgk"	
285644	4938	45	1641.0	"n5gy8fEG-I8"	
149142	2036	40	1957.0	"q0BPhfdo1WM"	
309949	5115	64	1383.0	"lyr1OOjDwmE"	
96651	1588	9	1432.0	"UK7Kyy4fI1c"	
84056	1559	16	1703.0	"lnq5iXfmQdo"	
289789	4287	47	1647.0	"y2WiM68WbgU"	
185060	2077	30	2837.0	"eDEYsKzxcmI"	
385405	4192	64	1579.0	"4ol9d7fiBxg"	
278672	4323	58	1529.0	"Ve8ilTRUn6I"	
375084	3915	57	1005.0	"tvcX3tFW_kw"	
591610	5912	121	1518.0	"K8aSftmgkS0"	
84524	1577	22	1644.0	"kjYol9-wT14"	
288557	4609	38	1537.0	"FZoUuN2vQJ0"	
126059	971	26	1937.0	"FqVim04Ye_c"	
325143	4508	71	1847.0	"GDr2em06c64"	
159482	2031	32	1794.0	"OBxnAGDjOb4"	
104705	1845	44	792.0	"z3Oe-GEfRr4"	
88257	1930	15	1379.0	"qHafJqipM1o"	
378002	5127	49	1485.0	"I4VmXmU1FIs"	
103327	1868	22	1995.0	"rkeXrZ0KRoQ"	
292857	4313	90	787.0	"gFUrAdep5kI"	
491644	5594	92	1795.0	"bWbIETDbNMg"	
98008	1710	35	1738.0	"M5DhtgJAz8s"	
318909	5013	58	1550.0	"lKdIHWM38rc"	
236630	2601	40	419.0	"GLIwHwNtZgk"	
264201	4173	71	1645.0	"Gq3R5mCDqGA"	
84185	1807	15	1671.0	"wyw6j_AtEfg"	
97837	1491	29	1901.0	"jAcC4sbAtws"	
163288	3612	44	1499.0	"IPVR8gAZBzA"	
184664	2105	51	2328.0	"v1-lY6M_JpQ"	
279381	4244	48	1898.0	"lzEwEsGWxXU"	
304388	4025	88	1834.0	"pbcic5z-QwA"	
284183	9246	107	198.0	"IbCysLBaA44"	
98162	1486	22	1888.0	"rerKivYR7AA"	
384823	4574	77	2052.0	"GNP3Ueu1_vg"	
93913	2021	19	1709.0	"_uPIpJCdgxg"	
411448	4833	73	1744.0	"45mvVKqLRTc"	
80507	1552	10	2002.0	"dyHNwFbmT4Q"	
364057	5047	48	1822.0	"rQx231-ALU4"	
1698311	14891	391	2321.0	"xE5UyQFcLFI"	
347777	4612	57	1482.0	"eigxBhR04t0"	
85168	1445	15	1390.0	"517jlOL2hIs"	
394415	5013	77	1633.0	"9BEnxMnJTxA"	
3695705	37530	1209	1870.0	"nrtcJ4c_6oQ"	
74084	1433	15	1357.0	"uvtoGPEAdsw"	
461836	4777	89	1674.0	"X_RE1uDquI8"	
115534	1541	17	1572.0	"FwYnZ_g6rlg"	
2950795	13389	937	1591.0	"NqCG5w3LCL0"	
104000	1715	23	1674.0	"qWko_rPm2e8"	
375282	4813	74	1563.0	"JdD-cbNXnXI"	
99369	1611	19	1563.0	"_IQLMHPuIk4"	
241029	3795	39	1691.0	"JvzrFudbMQ8"	
301090	4886	48	1407.0	"56sxeeGUmDM"	
122760	1708	18	1399.0	"7b_qOWnijYk"	
57233	678	11	903.0	"4_HVlZPVsnE"	
55955	778	13	1875.0	"37P2Y3fs_Kk"	
94154	1233	14	2043.0	"QaObM9PA6-s"	
123323	1362	21	579.0	"VNtetaoqiRM"	
85320	1584	16	1031.0	"Z27CzUnQhms"	
327104	4941	46	1554.0	"caOFqN6c2Zo"	
96268	1576	18	1561.0	"U6ry3qJNduo"	
316803	6617	57	1777.0	"xj0dD3W1BfU"	
94532	1420	18	2118.0	"q4BEUzCfSF4"	
383204	5155	50	1455.0	"N7fIiiqKgOk"	
106570	1793	28	1801.0	"RJMiFFxULJo"	
435481	5476	69	1847.0	"P0MfT7oOc0Y"	
368719	5105	74	1773.0	"bKlZVDhx320"	
111119	1211	18	533.0	"eZRhbT8nQuw"	
363495	5258	58	1998.0	"N9JKlQi4cXo"	
103819	1843	47	2366.0	"Om1Yhkgr9ws"	
340665	4820	51	1377.0	"1VbZ7OGagnU"	
123160	1678	24	2308.0	"710QL6nn71Q"	
762817	4082	594	727.0	"dH9LglFtHp0"	
405148	5499	67	1866.0	"PcVABZIQCLA"	
100032	1736	15	1596.0	"47jV6eohhcw"	
468009	5806	64	2053.0	"sKrdk4xwdBo"	
152740	2048	28	1802.0	"bFBvL-YJviU"	
112733	1817	25	2199.0	"Bx-s3evCQ44"	
480040	6149	78	1788.0	"v1yXg-0EgzA"	
227699	2462	54	764.0	"hUcK6LaBUS4"	
24660	469	12	2786.0	"m1pAWQY_GZQ"	
144596	2017	34	1951.0	"zbUKw5NdHwY"	
587442	6972	110	1483.0	"6KCjIOX7h6c"	
146948	2326	37	1924.0	"R_6xoLWIj14"	
633668	8047	127	1463.0	"RCY-up5QeRA"	
347680	5174	77	2289.0	"fasmotjs0NA"	
541646	6545	93	2114.0	"6x9f3fsFkVY"	
683007	17012	127	236.0	"7bpAPWIpBwY"	
90693	1097	25	2919.0	"ubwPaeejpZE"	
67266	763	25	1874.0	"g6WOskt_bB0"	
129006	1723	35	2261.0	"dn-tWI2QCIk"	
92563	1548	20	2155.0	"5XgV3PkTVLo"	
709411	8559	96	1731.0	"PYUnhWOyCLA"	
54398	1243	21	1790.0	"IN0Ueytqow8"	
1413729	18043	259	1845.0	"v41aZQhOcfI"	
68951	921	13	1830.0	"fbmB3iEjzWM"	
151406	1099	36	675.0	"Du2ekc-oKG0"	
62348	905	22	1685.0	"pifcli1KsAc"	
72186	957	22	1537.0	"ySsglnDNR4w"	
157923	1242	41	1084.0	"o-J8-Ltxtp0"	
284263	2855	47	1546.0	"V-mSbxJZ92M"	
529834	2748	183	517.0	"DoOivzCRlzk"	
82236	1066	19	2118.0	"FQ3B2wY6N6M"	
252359	3108	36	1407.0	"pPKJrK2EF3w"	
64851	1012	9	1542.0	"q9fBkIfUowg"	
66490	1124	12	1704.0	"zsy2C0eLulc"	
411020	5599	109	2052.0	"doMN2z16DFc"	
71723	1013	12	1484.0	"rSI3KSG3a2o"	
484400	4827	98	1368.0	"mvcP8CsxyZQ"	
68125	990	17	731.0	"FqYGz_AcoSI"	
70744	1070	18	1603.0	"adIcEZAprBw"	
519771	6238	154	3766.0	"0vvw7icOr8E"	
26847	533	50	1249.0	"O-dLUOmFPMQ"	
98722	1152	17	1727.0	"6av-rcirGDw"	
82148	1294	11	2011.0	"iICltR9ap-E"	
135570	1666	34	1122.0	"ftKaKl6fwB8"	
91554	1541	26	1978.0	"b2oEE1365Uo"	
99370	1211	26	641.0	"R_jLC-H9JB8"	
114732	1761	16	1705.0	"7fsHuo3bj6k"	
151847	2070	37	1581.0	"WkzNfooZijc"	
221383	3253	41	1108.0	"CD9f4VaYSpQ"	
126206	1764	24	1534.0	"cPp6xuNP92A"	
148229	1823	27	1540.0	"SPu3Cg7dom4"	
37586	462	56	1180.0	"DCuwOVPBo7c"	
143989	1819	64	2137.0	"fJeqcX2Mwng"	
145883	2291	56	2023.0	"Cey7Nw-Jx9o"	
149506	2248	122	1953.0	"nEK-rsxpLgo"	
169872	2660	124	815.0	"dNfvGolKjg8"	
186720	1750	63	1331.0	"WtZXxxXzhKI"	
545778	3766	234	706.0	"rVWndB7k4bQ"	
472766	5650	88	1080.0	"rZUPXs1TZD4"	
139878	2218	29	1821.0	"kKJA2suBc7s"	
26980	722	83	1478.0	"92e8Bl16shA"	
148568	3333	42	1443.0	"QkuX1nzyoQ0"	
176754	2551	23	2469.0	"Sj2QVwohXo4"	
141681	1929	22	1635.0	"fzFPny5A-v8"	
148034	1863	23	1743.0	"VEumIA3_a24"	
36469	533	17	1495.0	"pwqB8eXFBgo"	
174417	2148	27	1738.0	"rvOAttnDbhg"	
889954	6560	220	1195.0	"YB-LdSbshPg"	
39917	780	45	1437.0	"vyqsLVOHWzI"	
144561	2023	16	2117.0	"QXClnJIkwYU"	
33835	467	18	1116.0	"yZ9CEqTgld0"	
181799	2828	29	1651.0	"hANZ78_T4c4"	
207266	10251	69	519.0	"0cyZx0eDFgc"	
193795	2028	41	1850.0	"1QoJzOgZLTQ"	
156813	1992	26	1540.0	"F7aWGICGjSA"	
196859	2149	25	1296.0	"_CGjLV9qtlk"	
392819	3345	67	1954.0	"kVgKvd2kSsY"	
199373	2052	19	1592.0	"EpXDNqlcIC0"	
228470	2063	36	1329.0	"UysgyHlWPsc"	
157561	2007	30	280.0	"OsjnS2aGbKU"	
197062	3086	45	1581.0	"d3ffqxhkpA8"	
183532	1920	34	1608.0	"ptm801scTVc"	
54441	462	21	1174.0	"4aLZ5Pk1_VQ"	
1038576	5571	225	1284.0	"RjqFNdeS7ek"	
233308	2025	48	1534.0	"6XWyTD_j2hA"	
80755	860	11	1760.0	"ay7eq5uVgNc"	
110118	1473	24	1431.0	"TBokuW3nxno"	
115348	1413	24	1685.0	"-FeMLpWstkI"	
49635	1039	20	971.0	"3OqRoxJu3d4"	
319945	2266	93	2868.0	"6OADNE5VKRM"	
119313	1553	27	1346.0	"TQ3nMAdTrWk"	
42817	489	22	2030.0	"00dLnINhM7Y"	
179540	1930	59	1442.0	"7dvi1gyzjng"	
236486	3210	72	1732.0	"9uIRD9sMBU0"	
135085	1809	26	1728.0	"pu6SLIh4bPc"	
150727	2779	21	1383.0	"gAnuoZ2ms6g"	
33241	504	18	1767.0	"ta81Bd9n8X4"	
45019	1075	15	416.0	"oSWLQ64boBY"	
154535	1973	34	1600.0	"BawcaFj79C4"	
216355	2121	34	1506.0	"HjXHgzrLV5c"	
35477	610	19	1852.0	"7y_SEGxa1SA"	
137406	1669	30	1317.0	"vvAyLqSe-MQ"	
36166	670	36	733.0	"eawKr4oGw5I"	
165201	1358	18	1282.0	"T5H3aO0wUBQ"	
94121	1481	61	1132.0	"RAZU-iAwfAM"	
160802	1757	99	1989.0	"y4_hY1fNLR0"	
169334	1778	46	2125.0	"swLnrcDXeI4"	
147688	2433	99	597.0	"lyy0gM8dH3w"	
169385	1619	52	2042.0	"Cx3nPnsehyE"	
232799	3727	173	1495.0	"iqi_tEuwSvo"	
139700	1640	24	1345.0	"SxVDCM5YGwA"	
143425	1777	18	1271.0	"oNQArWET4k4"	
123320	1417	27	1403.0	"qMeTlCYk7B4"	
166801	1757	30	1257.0	"R4ihEvURf8M"	
146461	1262	26	507.0	"n2Mv-nIky2A"	
412437	6000	166	1539.0	"bet5pBqK2-s"	
154231	1701	27	2190.0	"_dkNyivVOHE"	
407846	3629	74	2704.0	"f8YJfAwYOz0"	
151270	1881	68	2378.0	"MZPcJIFlWpM"	
139221	1581	24	2289.0	"336Cm1LUW2M"	
136649	1667	34	1886.0	"_lvkKlh6cEQ"	
146735	1553	32	1641.0	"UMyIuhpayy4"	
160643	1916	38	1917.0	"ZO9YANFN6x0"	
409907	2491	127	1447.0	"VP58Oqh0yRY"	
168020	1645	30	1629.0	"2h4OFmSXbRA"	
2543455	10518	1025	1317.0	"kGgKlC8e2m0"	
146721	1726	22	1368.0	"CSrvnXYgGOo"	
327568	4495	122	2420.0	"SBL_wmXo7Mw"	
188094	1835	28	1928.0	"7rvbdSrh-sw"	
146171	1729	38	1472.0	"SlMM-dbLFoE"	
294952	3821	57	1679.0	"sigzOYffAsQ"	
250036	2800	50	1868.0	"qpSXhSepHjg"	
289408	2678	125	2213.0	"5AkiJCP21uo"	
151406	1960	28	2020.0	"kTPd8Nfh6uo"	
141992	1650	28	1560.0	"jN_CoSa2K7c"	
165466	1858	40	1469.0	"yR7abg1ywdM"	
166284	1789	32	1233.0	"cPWuHeAagtY"	
273496	4352	73	2250.0	"8gaN949Lhc4"	
229283	2413	44	1404.0	"IVSdcUj8Gls"	
202257	2760	68	1295.0	"eD-fapXRgng"	
135601	1066	30	518.0	"IgWRRjB78cI"	
195507	2330	40	927.0	"me_mUxnAjXs"	
169136	2012	34	1233.0	"8TxWX6rMN68"	
185023	2065	37	1850.0	"3urGSqtEOd8"	
202958	2127	38	1496.0	"O7ZOjkPfDig"	
205388	2295	33	1544.0	"5tykTWbYK7I"	
260577	2693	55	1334.0	"ZnyhwKY7A1Y"	
231054	3331	47	1562.0	"2N3VtRFRE74"	
140466	917	34	1103.0	"exkCN-KXYEo"	
71604	535	6	1277.0	"bAV_UWceqto"	
98844	1044	12	1608.0	"FzZBWbLdi1U"	
244105	2849	49	1617.0	"ntU6j-et1io"	
226153	1689	41	1561.0	"mZiMCUkxPO8"	
260315	3415	46	1118.0	"JGayy42dtpQ"	
311787	2939	55	1330.0	"cHRqKWV0jP4"	
149643	1466	46	644.0	"bFrpMVtdZH8"	
164708	1819	52	735.0	"Y8xob1t6iek"	
256534	2634	51	1359.0	"6uWqet05VQM"	
224047	2306	35	1029.0	"d1shpbuBT64"	
287813	2869	48	1259.0	"o8CaDXHtaMQ"	
359721	6008	110	1088.0	"fK9hOcCp_Kw"	
244080	2604	39	1264.0	"9XNEBNMVxlM"	
269234	2773	63	1279.0	"M4aZBV4ApY4"	
318509	3103	61	1528.0	"83MXderiLwo"	
309100	3036	51	1283.0	"eFM0jRt7GC8"	
386572	3763	73	1913.0	"ALR7S6AAfkE"	
359474	3514	71	1242.0	"iQrpWEfuhOU"	
386513	4356	90	1407.0	"pkFWZVagMAw"	
410267	4580	93	1311.0	"EHMkYUm-80Y"	
470115	4833	99	1319.0	"SHcftTOfRaE"	
474196	5611	115	1614.0	"Hi8UAjLC0Mo"	
52200	383	8	1292.0	"YZE784N-nQc"	
81508	657	16	829.0	"3C54I84jpPQ"	
564697	5199	118	1207.0	"7LyoVonMQ2I"	
491221	4856	88	1319.0	"dmOGPimVaKE"	
486216	4897	63	846.0	"bgheoGKTvM0"	
645176	6138	134	1550.0	"CJuN2cbBmkc"	
73605	625	10	720.0	"dW2uzPrKHl8"	
705015	6838	121	1049.0	"6GpPNP19Djk"	
709249	10933	172	1281.0	"O5I3gBeCAyU"	
609419	6340	85	670.0	"Qw9ymG4Mhr4"	
835295	8462	161	1661.0	"SEOxrqvBtaY"	
166282	1258	23	1104.0	"-S3QH6hRRgg"	
781349	7960	201	637.0	"fQZKFyHNRFg"	
1031364	10678	195	1264.0	"IWDwr3OlcvI"	
1213710	18310	458	1348.0	"4bjdJwyGue0"	
1553865	14340	436	901.0	"ZMApydS6WlM"	
1926311	20717	590	843.0	"pE2w5QIEeH4"	
5032986	77036	1503	860.0	"lHngf-CKCzk"	
266895	953	81	277.0	"Msdax4-mbJ4"	
225961	693	33	205.0	"UpFwAr6Irv0"	
86423	353	7	103.0	"0HFyHYhsFto"	
196325	773	42	831.0	"G5pXx97vEOY"	
174121	1094	15	227.0	"x77lX-28iv4"	
134390	704	23	353.0	"Vn30WPO_CNQ"	
126759	782	23	431.0	"CnM5AWfw-_8"	
100813	947	20	256.0	"4Vr7D4Pgois"	
274652	1525	39	267.0	"M9aBcRbZ2fk"	
380373	2300	108	264.0	"rJUunBDkIjc"	
816934	4313	347	233.0	"QWvkkee-Qnk"	
164486	781	32	485.0	"qwfHuvVM2-o"	
49332	349	8	184.0	"6n7iy5laJqQ"	
407074	2845	75	328.0	"bSu7Sk16Bj0"	
111431	1190	18	900.0	"4VlvxI988Y4"	
195021	2513	51	900.0	"t_AkpE3OBHA"	
450010	5220	73	329.0	"PsX7J8bs0CA"	
309881	31568	74	1374.0	"9RtMlrBzkyA"	
